1 0.069530 1.362094
2 0.044990 1.153197
3 0.032720 1.143030
4 0.030675 1.137119
5 0.049080 1.157546
6 0.047035 1.007436
7 0.040900 0.987599
8 0.038855 0.902712
9 0.036810 0.836649
10 0.038855 0.831489
11 0.030675 0.800103
12 0.036810 0.855470
13 0.022495 0.898829
14 0.034765 0.920217
15 0.044990 0.891109
16 0.032720 0.808419
17 0.036810 0.822271
18 0.030675 0.839303
19 0.026585 0.830979
20 0.038855 0.831676
21 0.032720 0.825078
22 0.028630 0.847012
23 0.049080 0.820130
24 0.032720 0.722588
25 0.032720 0.718623
26 0.032720 0.757826
27 0.032720 0.754512
28 0.032720 0.770963
29 0.042945 0.791396
30 0.036810 0.748964
31 0.032720 0.753586
32 0.032720 0.761750
33 0.030675 0.752302
34 0.038855 0.762489
35 0.040900 0.742375
36 0.044990 0.742252
37 0.036810 0.663586
38 0.024540 0.659634
39 0.040900 0.701125
40 0.028630 0.669425
41 0.030675 0.694142
42 0.042945 0.691109
43 0.042945 0.693191
44 0.030675 0.678901
45 0.042945 0.700551
46 0.030675 0.661752
47 0.028630 0.700684
48 0.032720 0.689625
49 0.038855 0.708799
50 0.038855 0.675200
