1 0.077710 0.994781
2 0.047035 0.391120
3 0.044990 0.326929
4 0.042945 0.316868
5 0.044990 0.313004
6 0.044990 0.310506
7 0.044990 0.308720
8 0.042945 0.307421
9 0.042945 0.306464
10 0.042945 0.305748
11 0.042945 0.305203
12 0.042945 0.304782
13 0.042945 0.304450
14 0.042945 0.304185
15 0.042945 0.303969
16 0.042945 0.303793
17 0.042945 0.303645
18 0.042945 0.303522
19 0.040900 0.303418
20 0.040900 0.303329
21 0.040900 0.303252
22 0.040900 0.303187
23 0.040900 0.303130
24 0.040900 0.303080
25 0.040900 0.303037
26 0.040900 0.302999
27 0.040900 0.302966
28 0.040900 0.302936
29 0.040900 0.302910
30 0.040900 0.302887
31 0.040900 0.302867
32 0.040900 0.302849
33 0.040900 0.302833
34 0.040900 0.302818
35 0.040900 0.302806
36 0.040900 0.302794
37 0.040900 0.302784
38 0.040900 0.302774
39 0.040900 0.302766
40 0.040900 0.302758
41 0.040900 0.302752
42 0.040900 0.302745
43 0.040900 0.302740
44 0.040900 0.302735
45 0.040900 0.302730
46 0.040900 0.302726
47 0.040900 0.302722
48 0.040900 0.302719
49 0.040900 0.302715
50 0.040900 0.302712
