8 2
0.117647 0.875000 0.721311 0.000000 0.000000 0.341282 0.105892 0.016667 0 1
0.117647 0.635000 0.377049 0.210000 0.395981 0.512668 0.041845 0.016667 0 1
0.352941 0.755000 0.508197 0.310000 0.141844 0.529061 0.262169 0.116667 0 1
0.470588 0.425000 0.450820 0.200000 0.000000 0.363636 0.024765 0.350000 0 1
0.294118 0.695000 0.655738 0.350000 0.189125 0.470939 0.120837 0.066667 1 0
0.117647 0.460000 0.508197 0.280000 0.000000 0.470939 0.022203 0.050000 0 1
0.117647 0.670000 0.573770 0.000000 0.000000 0.430700 0.198121 0.033333 1 0
0.352941 0.570000 0.721311 0.000000 0.000000 0.414307 0.072161 0.750000 0 1
0.000000 0.900000 0.737705 0.260000 0.106383 0.543964 0.100769 0.233333 1 0
0.235294 0.480000 0.459016 0.170000 0.057920 0.309985 0.111870 0.083333 0 1
0.058824 0.700000 0.606557 0.260000 0.212766 0.359165 0.320239 0.033333 0 1
0.058824 0.420000 0.524590 0.230000 0.135934 0.549925 0.167805 0.116667 0 1
0.058824 0.555000 0.508197 0.130000 0.215130 0.357675 0.025619 0.033333 0 1
0.117647 0.525000 0.475410 0.400000 0.111111 0.520119 0.062767 0.066667 0 1
0.000000 0.660000 0.639344 0.000000 0.000000 0.482861 0.134500 0.000000 0 1
0.235294 0.550000 0.622951 0.200000 0.118203 0.423249 0.017079 0.100000 0 1
0.176471 0.555000 0.508197 0.000000 0.000000 0.336811 0.027327 0.000000 0 1
0.470588 0.600000 0.639344 0.000000 0.000000 0.372578 0.141332 0.716667 0 1
0.000000 0.835000 0.000000 0.000000 0.000000 0.481371 0.324936 0.150000 1 0
0.235294 0.450000 0.721311 0.470000 0.063830 0.561848 0.121264 0.133333 0 1
0.117647 0.505000 0.475410 0.170000 0.313239 0.360656 0.228864 0.033333 0 1
0.411765 0.735000 0.622951 0.000000 0.000000 0.587183 0.076430 0.366667 1 0
0.000000 0.525000 0.557377 0.220000 0.000000 0.298063 0.067464 0.016667 0 1
0.176471 0.400000 0.000000 0.000000 0.000000 0.000000 0.040991 0.016667 0 1
0.117647 0.450000 0.573770 0.170000 0.000000 0.406855 0.002989 0.016667 0 1
0.000000 0.900000 0.540984 0.390000 0.000000 0.625931 0.774979 0.066667 1 0
0.117647 0.640000 0.639344 0.370000 0.215130 0.645306 0.489325 0.166667 1 0
0.176471 0.870000 0.475410 0.220000 0.229314 0.490313 0.219898 0.250000 1 0
0.294118 0.000000 0.655738 0.320000 0.000000 0.611028 0.114432 0.266667 1 0
0.705882 0.700000 0.696721 0.330000 0.000000 0.557377 0.070880 0.333333 0 1
0.176471 0.615000 0.819672 0.350000 0.283688 0.853949 0.342442 0.016667 0 1
0.411765 0.645000 0.557377 0.490000 0.147754 0.573770 0.154142 0.366667 1 0
0.000000 0.510000 0.524590 0.460000 0.092199 0.605067 0.178480 0.000000 0 1
0.235294 0.790000 0.639344 0.000000 0.000000 0.490313 0.309564 0.166667 1 0
0.588235 0.840000 0.606557 0.000000 0.000000 0.566319 0.195986 0.216667 1 0
0.058824 0.440000 0.508197 0.240000 0.052010 0.445604 0.146883 0.033333 0 1
0.235294 0.450000 0.000000 0.000000 0.000000 0.417288 0.227156 0.166667 0 1
0.058824 0.500000 0.590164 0.120000 0.082742 0.377049 0.247652 0.116667 0 1
0.058824 0.525000 0.475410 0.000000 0.000000 0.362146 0.046541 0.000000 0 1
0.294118 0.485000 0.622951 0.270000 0.000000 0.530551 0.128096 0.516667 1 0
0.117647 0.465000 0.524590 0.320000 0.189125 0.566319 0.254483 0.033333 1 0
0.294118 0.615000 0.606557 0.400000 0.091017 0.508197 0.081554 0.116667 0 1
0.117647 0.500000 0.442623 0.280000 0.124113 0.563338 0.179334 0.050000 0 1
0.647059 0.775000 0.622951 0.280000 0.177305 0.496274 0.544406 0.500000 1 0
0.588235 0.575000 0.803279 0.000000 0.000000 0.357675 0.403074 0.216667 0 1
0.235294 0.420000 0.737705 0.230000 0.066194 0.588674 0.034586 0.066667 0 1
0.294118 0.475000 0.590164 0.330000 0.000000 0.561848 0.124680 0.100000 0 1
0.117647 0.590000 0.655738 0.000000 0.000000 0.639344 0.262596 0.000000 1 0
0.117647 0.730000 0.573770 0.380000 0.425532 0.417288 0.110589 0.133333 1 0
0.058824 0.730000 0.459016 0.000000 0.000000 0.442623 0.207515 0.133333 0 1
0.235294 0.615000 0.655738 0.150000 0.208038 0.476900 0.155850 0.216667 0 1
0.058824 0.545000 0.491803 0.080000 0.215130 0.378539 0.371050 0.000000 0 1
0.058824 0.580000 0.639344 0.290000 0.212766 0.538003 0.178480 0.066667 0 1
0.176471 0.445000 0.606557 0.160000 0.100473 0.453055 0.201964 0.283333 0 1
0.000000 0.335000 0.622951 0.000000 0.000000 0.675112 0.049530 0.416667 0 1
0.117647 0.560000 0.639344 0.500000 0.165485 0.587183 0.041418 0.050000 0 1
0.117647 0.525000 0.614754 0.000000 0.000000 0.347243 0.205807 0.533333 0 1
0.235294 0.610000 0.557377 0.000000 0.000000 0.521610 0.134927 0.133333 0 1
0.117647 0.540000 0.524590 0.000000 0.000000 0.459016 0.034159 0.000000 0 1
0.058824 0.000000 0.557377 0.350000 0.000000 0.476900 0.132792 0.016667 0 1
0.000000 0.635000 0.655738 0.370000 0.248227 0.540984 0.309991 0.033333 0 1
0.058824 0.585000 0.491803 0.230000 0.125296 0.503726 0.165670 0.100000 0 1
0.000000 0.810000 0.622951 0.560000 0.118203 0.792846 0.290777 0.066667 1 0
0.352941 0.975000 0.573770 0.000000 0.000000 0.460507 0.106746 0.166667 1 0
0.176471 0.565000 0.360656 0.130000 0.000000 0.333830 0.026473 0.016667 0 1
0.058824 0.385000 0.459016 0.300000 0.066194 0.496274 0.500854 0.050000 0 1
0.764706 0.725000 0.672131 0.190000 0.130024 0.330849 0.071307 0.600000 0 1
0.117647 0.540000 0.426230 0.260000 0.074468 0.484352 0.102477 0.016667 0 1
0.235294 0.545000 0.524590 0.440000 0.117021 0.518629 0.353117 0.083333 1 0
0.000000 0.505000 0.508197 0.000000 0.000000 0.326379 0.110162 0.066667 0 1
0.058824 0.000000 0.606557 0.200000 0.027187 0.412817 0.094364 0.000000 0 1
0.470588 0.545000 0.622951 0.390000 0.134752 0.415797 0.239966 0.166667 1 0
0.470588 0.980000 0.622951 0.290000 0.330969 0.558867 0.225021 0.600000 1 0
0.294118 0.685000 0.885246 0.000000 0.000000 0.727273 0.063621 0.266667 1 0
0.529412 0.530000 0.426230 0.000000 0.000000 0.464978 0.128950 0.350000 0 1
0.117647 0.640000 0.524590 0.420000 0.000000 0.596125 0.436806 0.050000 0 1
0.000000 0.540000 0.557377 0.200000 0.000000 0.406855 0.302733 0.183333 0 1
0.294118 0.570000 0.606557 0.000000 0.000000 0.371088 0.284372 0.600000 0 1
0.058824 0.545000 0.459016 0.210000 0.159574 0.375559 0.322374 0.033333 0 1
0.411765 0.840000 0.721311 0.420000 0.379433 0.569300 0.302733 0.316667 1 0
0.058824 0.405000 0.606557 0.410000 0.067376 0.690015 0.434671 0.183333 0 1
0.117647 0.455000 0.508197 0.000000 0.000000 0.406855 0.190863 0.016667 0 1
0.411765 0.680000 0.737705 0.000000 0.000000 0.445604 0.056362 0.483333 0 1
0.411765 0.685000 0.737705 0.410000 0.000000 0.476900 0.133646 0.300000 0 1
0.411765 0.710000 0.737705 0.240000 0.567376 0.453055 0.021349 0.366667 1 0
0.058824 0.000000 0.393443 0.200000 0.000000 0.368107 0.026473 0.016667 0 1
0.294118 0.680000 0.688525 0.410000 0.104019 0.521610 0.088813 0.233333 1 0
0.235294 0.780000 0.614754 0.000000 0.000000 0.719821 0.068318 0.183333 1 0
0.470588 0.905000 0.557377 0.360000 0.585106 0.448584 0.229291 0.650000 1 0
0.352941 0.435000 0.655738 0.000000 0.000000 0.345753 0.002562 0.183333 0 1
0.000000 0.895000 0.409836 0.360000 0.187943 0.563338 0.160974 0.016667 1 0
0.058824 0.720000 0.672131 0.460000 0.212766 0.687034 0.109735 0.416667 1 0
0.294118 0.630000 0.639344 0.270000 0.026005 0.441133 0.154142 0.316667 0 1
0.588235 0.470000 0.590164 0.180000 0.000000 0.344262 0.220751 0.583333 0 1
0.000000 0.535000 0.491803 0.250000 0.000000 0.393443 0.023484 0.033333 0 1
0.000000 0.555000 0.532787 0.000000 0.000000 0.366617 0.248506 0.166667 0 1
0.000000 0.705000 0.688525 0.260000 0.000000 0.482861 0.151580 0.016667 0 1
0.117647 0.610000 0.622951 0.270000 0.236407 0.535022 0.172929 0.083333 0 1
0.000000 0.625000 0.557377 0.000000 0.000000 0.368107 0.054654 0.000000 0 1
0.470588 0.500000 0.606557 0.400000 0.254137 0.587183 0.248933 0.366667 1 0
0.176471 0.605000 0.426230 0.000000 0.000000 0.536513 0.020922 0.066667 1 0
0.294118 0.550000 0.557377 0.000000 0.000000 0.387481 0.091375 0.150000 0 1
0.117647 0.500000 0.573770 0.520000 0.067376 0.603577 0.255764 0.066667 0 1
0.294118 0.720000 0.672131 0.260000 0.336879 0.476900 0.159693 0.616667 1 0
0.647059 0.515000 0.557377 0.400000 0.000000 0.688525 0.020495 0.350000 0 1
0.176471 0.480000 0.459016 0.340000 0.135934 0.368107 0.369769 0.300000 0 1
0.176471 0.510000 0.360656 0.200000 0.111111 0.459016 0.137489 0.083333 0 1
0.294118 0.385000 0.672131 0.410000 0.049645 0.533532 0.033305 0.233333 0 1
0.470588 0.590000 0.590164 0.190000 0.000000 0.344262 0.596926 0.416667 0 1
0.058824 0.450000 0.508197 0.120000 0.050827 0.405365 0.214347 0.050000 0 1
0.058824 0.900000 0.000000 0.000000 0.000000 0.645306 0.087105 0.333333 1 0
0.117647 0.560000 0.704918 0.420000 0.189125 0.572280 0.071734 0.116667 0 1
0.058824 0.515000 0.655738 0.110000 0.096927 0.289121 0.176345 0.016667 0 1
0.470588 0.600000 0.000000 0.000000 0.000000 0.447094 0.044833 0.283333 1 0
0.529412 0.820000 0.688525 0.210000 0.000000 0.459016 0.321520 0.183333 1 0
0.058824 0.575000 0.573770 0.300000 0.113475 0.515648 0.192570 0.183333 1 0
0.352941 0.670000 0.573770 0.230000 0.153664 0.527571 0.198121 0.133333 1 0
0.058824 0.445000 0.196721 0.190000 0.029551 0.414307 0.205380 0.000000 0 1
0.117647 0.460000 0.622951 0.200000 0.000000 0.360656 0.691716 0.116667 0 1
0.352941 0.810000 0.508197 0.000000 0.000000 0.362146 0.042699 0.483333 1 0
0.117647 0.600000 0.622951 0.370000 0.124113 0.591654 0.058497 0.133333 0 1
0.176471 0.790000 0.622951 0.360000 0.289598 0.470939 0.330060 0.116667 1 0
0.000000 0.630000 0.688525 0.290000 0.254137 0.457526 0.188728 0.050000 0 1
0.470588 0.715000 0.540984 0.000000 0.000000 0.520119 0.021776 0.333333 1 0
0.352941 0.720000 0.590164 0.270000 0.269504 0.505216 0.075576 0.316667 0 1
0.000000 0.670000 0.475410 0.200000 0.343972 0.393443 0.116994 0.000000 0 1
0.470588 0.755000 0.639344 0.320000 0.248227 0.639344 0.187020 0.250000 1 0
0.647059 0.635000 0.868852 0.000000 0.000000 0.581222 0.047822 0.500000 0 1
0.058824 0.640000 0.672131 0.170000 0.216312 0.409836 0.015799 0.016667 0 1
0.176471 0.640000 0.590164 0.250000 0.224586 0.482861 0.201110 0.100000 1 0
0.117647 0.610000 0.491803 0.180000 0.125296 0.444113 0.272844 0.016667 0 1
0.588235 0.895000 0.573770 0.000000 0.000000 0.523100 0.052092 0.266667 0 1
0.352941 0.830000 0.606557 0.000000 0.000000 0.396423 0.096499 0.750000 0 1
0.058824 0.560000 0.590164 0.300000 0.208038 0.512668 0.192143 0.066667 0 1
0.000000 0.895000 0.737705 0.270000 0.000000 0.657228 0.259607 0.033333 1 0
0.352941 0.625000 0.639344 0.310000 0.000000 0.411326 0.207942 0.466667 1 0
0.176471 0.495000 0.442623 0.190000 0.101655 0.381520 0.032451 0.050000 0 1
0.588235 0.810000 0.688525 0.000000 0.000000 0.412817 0.044407 0.550000 0 1
0.000000 0.700000 0.532787 0.260000 0.153664 0.634873 0.150726 0.050000 1 0
0.588235 0.695000 0.655738 0.000000 0.000000 0.403875 0.581981 0.600000 0 1
0.294118 0.585000 0.704918 0.300000 0.124113 0.582712 0.073869 0.350000 0 1
0.411765 0.970000 0.557377 0.280000 0.000000 0.535022 0.284799 0.333333 1 0
0.176471 0.600000 0.573770 0.300000 0.159574 0.639344 0.159693 0.150000 0 1
0.058824 0.485000 0.524590 0.190000 0.096927 0.271237 0.094364 0.000000 0 1
0.000000 0.735000 0.696721 0.540000 0.000000 0.637854 0.126815 0.050000 0 1
0.176471 0.420000 0.590164 0.320000 0.000000 0.554396 0.080700 0.116667 0 1
0.235294 0.590000 0.573770 0.000000 0.000000 0.663189 0.352690 0.083333 0 1
0.176471 0.790000 0.524590 0.130000 0.457447 0.464978 0.092656 0.050000 0 1
0.058824 0.595000 0.360656 0.470000 0.074468 0.529061 0.086251 0.066667 0 1
0.000000 0.520000 0.524590 0.230000 0.137116 0.414307 0.160547 0.033333 0 1
0.411765 0.665000 0.688525 0.000000 0.000000 0.599106 0.263877 0.266667 0 1
0.352941 0.510000 0.737705 0.390000 0.000000 0.532042 0.254483 0.116667 0 1
0.352941 0.625000 0.622951 0.000000 0.000000 0.503726 0.018360 0.550000 1 0
0.058824 0.555000 0.770492 0.000000 0.000000 0.488823 0.079846 0.400000 0 1
0.000000 0.285000 0.491803 0.000000 0.000000 0.323398 0.280529 0.766667 0 1
0.000000 0.500000 0.721311 0.600000 0.130024 0.697466 0.377455 0.166667 0 1
0.058824 0.540000 0.491803 0.460000 0.210402 0.529061 0.143894 0.050000 0 1
0.352941 0.490000 0.475410 0.330000 0.224586 0.506706 0.150299 0.366667 0 1
0.117647 0.610000 0.426230 0.430000 0.186761 0.539493 0.315115 0.116667 0 1
0.058824 0.410000 0.524590 0.130000 0.112293 0.315946 0.143894 0.033333 0 1
0.176471 0.390000 0.573770 0.000000 0.000000 0.484352 0.081981 0.300000 0 1
0.117647 0.495000 0.573770 0.160000 0.052010 0.304024 0.067037 0.100000 0 1
0.058824 0.695000 0.377049 0.190000 0.098109 0.427720 0.245944 0.016667 0 1
0.176471 0.440000 0.475410 0.110000 0.063830 0.369598 0.080700 0.016667 0 1
0.294118 0.540000 0.590164 0.430000 0.088652 0.538003 0.078992 0.200000 0 1
0.000000 0.825000 0.622951 0.430000 0.301418 0.713860 0.077284 0.083333 0 1
0.235294 0.455000 0.573770 0.320000 0.104019 0.493294 0.157131 0.016667 0 1
0.117647 0.470000 0.622951 0.180000 0.078014 0.470939 0.243809 0.033333 0 1
0.000000 0.565000 0.655738 0.160000 0.000000 0.461997 0.339880 0.000000 0 1
0.176471 0.565000 0.409836 0.100000 0.100473 0.439642 0.233988 0.066667 0 1
0.117647 0.490000 0.491803 0.170000 0.141844 0.517139 0.051238 0.016667 0 1
0.058824 0.400000 0.450820 0.000000 0.000000 0.284650 0.076857 0.000000 0 1
0.294118 0.545000 0.614754 0.260000 0.000000 0.536513 0.199829 0.650000 0 1
0.235294 0.470000 0.532787 0.220000 0.000000 0.368107 0.029889 0.000000 0 1
0.058824 0.640000 0.393443 0.450000 0.229314 0.603577 0.228437 0.050000 1 0
0.000000 0.675000 0.557377 0.420000 0.295508 0.630402 0.122545 0.050000 1 0
0.117647 0.645000 0.606557 0.260000 0.242317 0.494784 0.219044 0.066667 0 1
0.117647 0.525000 0.655738 0.450000 0.225768 0.502235 0.270282 0.133333 1 0
0.235294 0.720000 0.475410 0.280000 0.165485 0.439642 0.089240 0.266667 0 1
0.529412 0.560000 0.672131 0.320000 0.206856 0.509687 0.077711 0.250000 1 0
0.000000 0.655000 0.721311 0.000000 0.000000 0.470939 0.283945 0.183333 1 0
0.647059 0.425000 0.606557 0.000000 0.000000 0.448584 0.094791 0.233333 0 1
0.235294 0.415000 0.704918 0.190000 0.000000 0.436662 0.102050 0.216667 0 1
0.529412 0.360000 0.639344 0.250000 0.000000 0.470939 0.086251 0.283333 0 1
0.176471 0.650000 0.524590 0.000000 0.000000 0.344262 0.100769 0.016667 0 1
0.176471 0.370000 0.557377 0.280000 0.053192 0.442623 0.091802 0.033333 0 1
0.352941 0.615000 0.590164 0.450000 0.271868 0.500745 0.279675 0.216667 0 1
0.058824 0.475000 0.491803 0.180000 0.068558 0.356185 0.077711 0.016667 0 1
0.470588 0.535000 0.655738 0.000000 0.000000 0.366617 0.332195 0.216667 0 1
0.235294 0.730000 0.754098 0.000000 0.000000 0.464978 0.196840 0.666667 1 0
0.058824 0.355000 0.639344 0.500000 0.053192 0.494784 0.146883 0.000000 0 1
0.294118 0.525000 0.590164 0.290000 0.384161 0.549925 0.034586 0.116667 0 1
0.000000 0.485000 0.524590 0.360000 0.118203 0.548435 0.222886 0.066667 0 1
0.000000 0.565000 0.622951 0.000000 0.000000 0.496274 0.085397 0.033333 1 0
0.058824 0.840000 0.721311 0.290000 0.000000 0.521610 0.353117 0.516667 1 0
0.235294 0.600000 0.557377 0.000000 0.000000 0.441133 0.269428 0.216667 0 1
0.058824 0.395000 0.655738 0.250000 0.043735 0.378539 0.215628 0.016667 0 1
0.411765 0.805000 0.704918 0.000000 0.000000 0.453055 0.037148 0.433333 1 0
0.058824 0.465000 0.459016 0.110000 0.000000 0.335320 0.144748 0.016667 0 1
0.058824 0.640000 0.803279 0.410000 0.068558 0.476900 0.530743 0.200000 1 0
0.411765 0.800000 0.442623 0.320000 0.206856 0.454545 0.217763 0.300000 1 0
0.352941 0.770000 0.606557 0.320000 0.228132 0.436662 0.324936 0.300000 0 1
0.235294 0.865000 0.573770 0.140000 0.198582 0.442623 0.120837 0.200000 1 0
0.058824 0.450000 0.508197 0.180000 0.069740 0.374069 0.508113 0.066667 0 1
0.058824 0.630000 0.459016 0.290000 0.179669 0.427720 0.308711 0.000000 0 1
0.176471 0.650000 0.639344 0.230000 0.093381 0.423249 0.104611 0.216667 1 0
0.294118 0.695000 0.524590 0.350000 0.165485 0.426230 0.142186 0.083333 0 1
0.058824 0.610000 0.524590 0.320000 0.184397 0.523100 0.262169 0.150000 1 0
0.235294 0.915000 0.000000 0.000000 0.000000 0.423249 0.057216 0.250000 1 0
0.000000 0.570000 0.655738 0.340000 0.336879 0.658718 0.038002 0.100000 0 1
0.235294 0.670000 0.590164 0.000000 0.000000 0.354694 0.084970 0.650000 1 0
0.411765 0.415000 0.639344 0.260000 0.083924 0.436662 0.294193 0.250000 0 1
0.117647 0.560000 0.557377 0.220000 0.111111 0.508197 0.101196 0.083333 0 1
0.294118 0.790000 0.688525 0.410000 0.248227 0.587183 0.135354 0.133333 1 0
0.529412 0.725000 0.655738 0.460000 0.153664 0.564829 0.238685 0.316667 1 0
0.000000 0.805000 0.409836 0.000000 0.000000 0.326379 0.075149 0.733333 0 1
0.235294 0.945000 0.901639 0.310000 0.000000 0.424739 0.257045 0.266667 0 1
0.000000 0.585000 0.655738 0.310000 0.062648 0.673621 0.004697 0.050000 0 1
0.411765 0.905000 0.688525 0.210000 0.226950 0.535022 0.216909 0.500000 1 0
0.235294 0.495000 0.622951 0.150000 0.060284 0.345753 0.061913 0.000000 0 1
0.058824 0.445000 0.540984 0.230000 0.111111 0.418778 0.038002 0.000000 0 1
0.058824 0.555000 0.704918 0.190000 0.000000 0.448584 0.027754 0.033333 0 1
0.235294 0.705000 0.606557 0.000000 0.000000 0.411326 0.070880 0.316667 0 1
0.588235 0.805000 0.557377 0.230000 0.156028 0.380030 0.105892 0.433333 1 0
0.235294 0.580000 0.590164 0.120000 0.102837 0.329359 0.164389 0.266667 0 1
0.058824 0.580000 0.573770 0.280000 0.000000 0.408346 0.053800 0.000000 0 1
0.294118 0.610000 0.704918 0.000000 0.000000 0.517139 0.090521 0.200000 0 1
0.058824 0.455000 0.524590 0.240000 0.000000 0.435171 0.048676 0.000000 0 1
0.117647 0.500000 0.524590 0.230000 0.000000 0.442623 0.123826 0.000000 0 1
0.117647 0.600000 0.442623 0.000000 0.000000 0.399404 0.160974 0.100000 0 1
0.117647 0.710000 0.672131 0.180000 0.075650 0.368107 0.291631 0.000000 0 1
0.294118 0.580000 0.606557 0.000000 0.000000 0.381520 0.052519 0.150000 0 1
0.294118 0.620000 0.606557 0.000000 0.000000 0.506706 0.060632 0.283333 1 0
0.470588 0.880000 0.737705 0.340000 0.354610 0.502235 0.166097 0.616667 1 0
0.000000 0.510000 0.614754 0.230000 0.000000 0.000000 0.210931 0.000000 0 1
0.058824 0.540000 0.721311 0.190000 0.000000 0.403875 0.137489 0.050000 0 1
0.058824 0.905000 0.639344 0.420000 0.346336 0.596125 0.503843 0.016667 1 0
0.000000 0.525000 0.688525 0.000000 0.000000 0.415797 0.283091 0.683333 1 0
0.470588 0.325000 0.590164 0.230000 0.000000 0.476900 0.222886 0.350000 0 1
0.000000 0.620000 0.573770 0.200000 0.000000 0.408346 0.075149 0.250000 1 0
0.058824 0.425000 0.540984 0.290000 0.000000 0.396423 0.116567 0.166667 0 1
0.000000 0.990000 0.540984 0.320000 0.323877 0.615499 0.181042 0.116667 1 0
0.470588 0.775000 0.508197 0.260000 0.585106 0.506706 0.198548 0.416667 1 0
0.176471 0.480000 0.639344 0.390000 0.000000 0.555887 0.068318 0.316667 0 1
0.764706 0.630000 0.737705 0.000000 0.000000 0.646796 0.215628 0.350000 1 0
0.117647 0.410000 0.426230 0.220000 0.135934 0.424739 0.692143 0.066667 0 1
0.294118 0.440000 0.540984 0.210000 0.027187 0.363636 0.112724 0.150000 0 1
0.058824 0.435000 0.639344 0.270000 0.037825 0.515648 0.009821 0.016667 0 1
0.058824 0.745000 0.557377 0.290000 0.150118 0.436662 0.115713 0.350000 1 0
0.117647 0.985000 0.573770 0.990000 0.000000 0.517139 0.212212 0.683333 1 0
0.235294 0.625000 0.573770 0.180000 0.144208 0.430700 0.455167 0.400000 1 0
0.176471 0.410000 0.573770 0.000000 0.000000 0.314456 0.132792 0.066667 0 1
0.117647 0.555000 0.491803 0.000000 0.000000 0.390462 0.113151 0.033333 0 1
0.529412 0.600000 0.590164 0.220000 0.066194 0.309985 0.279675 0.450000 0 1
0.235294 0.660000 0.000000 0.000000 0.000000 0.490313 0.095645 0.033333 1 0
0.470588 0.940000 0.639344 0.000000 0.000000 0.713860 0.025192 0.366667 1 0
0.117647 0.375000 0.524590 0.240000 0.065012 0.442623 0.124680 0.200000 0 1
0.000000 0.905000 0.721311 0.440000 0.602837 0.645306 0.061486 0.083333 1 0
0.000000 0.510000 0.639344 0.400000 0.106383 0.514158 0.068318 0.050000 0 1
0.470588 0.665000 0.590164 0.000000 0.000000 0.490313 0.081981 0.300000 1 0
0.058824 0.495000 0.590164 0.300000 0.021277 0.575261 0.142613 0.000000 0 1
0.000000 0.455000 0.655738 0.000000 0.000000 0.482861 0.223313 0.100000 0 1
0.352941 0.570000 0.000000 0.000000 0.000000 0.000000 0.047395 0.083333 0 1
0.117647 0.475000 0.442623 0.140000 0.104019 0.388972 0.286080 0.016667 0 1
0.176471 0.660000 0.655738 0.000000 0.000000 0.512668 0.138343 0.383333 1 0
0.823529 0.500000 0.639344 0.250000 0.217494 0.545455 0.142613 0.416667 1 0
0.411765 0.890000 0.688525 0.000000 0.000000 0.594635 0.108027 0.333333 1 0
0.176471 0.495000 0.508197 0.190000 0.087470 0.324888 0.085824 0.083333 0 1
0.176471 0.555000 0.737705 0.120000 0.092199 0.423249 0.178053 0.133333 0 1
0.294118 0.640000 0.655738 0.000000 0.000000 0.515648 0.028181 0.400000 0 1
0.000000 0.625000 0.786885 0.000000 0.000000 0.335320 0.078565 0.000000 0 1
0.470588 0.540000 0.573770 0.000000 0.000000 0.454545 0.374466 0.200000 1 0
0.176471 0.535000 0.508197 0.130000 0.056738 0.341282 0.256191 0.033333 1 0
0.294118 0.580000 0.606557 0.290000 0.000000 0.481371 0.248506 0.233333 1 0
0.411765 0.795000 0.540984 0.000000 0.000000 0.453055 0.130231 0.250000 1 0
0.176471 0.705000 0.000000 0.000000 0.000000 0.447094 0.291631 0.100000 1 0
0.000000 0.865000 0.639344 0.320000 0.313239 0.692996 0.461571 0.616667 0 1
0.000000 0.810000 0.622951 0.360000 0.000000 0.739195 0.122118 0.083333 1 0
0.000000 0.620000 0.459016 0.130000 0.124113 0.324888 0.159693 0.000000 0 1
0.235294 0.585000 0.524590 0.270000 0.141844 0.494784 0.064902 0.050000 0 1
0.117647 0.610000 0.573770 0.270000 0.000000 0.548435 0.111870 0.100000 0 1
0.058824 0.560000 0.655738 0.450000 0.156028 0.518629 0.059351 0.050000 0 1
0.470588 0.930000 0.737705 0.350000 0.265957 0.514158 0.147310 0.266667 1 0
0.058824 0.595000 0.721311 0.410000 0.200946 0.675112 0.183177 0.083333 0 1
0.705882 0.755000 0.573770 0.400000 0.320331 0.622951 0.283518 0.283333 1 0
0.000000 0.510000 0.426230 0.000000 0.000000 0.374069 0.000000 0.000000 0 1
0.235294 0.475000 0.573770 0.320000 0.000000 0.478390 0.228010 0.050000 0 1
0.000000 0.825000 0.737705 0.330000 0.803783 0.779434 0.149018 0.033333 0 1
0.000000 0.475000 0.696721 0.250000 0.042553 0.557377 0.072161 0.050000 1 0
0.352941 0.825000 0.557377 0.260000 0.198582 0.500745 0.236123 0.466667 0 1
0.117647 0.450000 0.557377 0.420000 0.000000 0.569300 0.181469 0.100000 1 0
0.588235 0.375000 0.672131 0.000000 0.000000 0.496274 0.078992 0.283333 0 1
0.176471 0.695000 0.442623 0.000000 0.000000 0.381520 0.138343 0.016667 1 0
0.352941 0.460000 0.508197 0.320000 0.148936 0.476900 0.002989 0.416667 0 1
0.352941 0.515000 0.590164 0.320000 0.224586 0.561848 0.105038 0.566667 0 1
0.000000 0.590000 0.688525 0.470000 0.271868 0.682563 0.201964 0.166667 1 0
0.529412 0.780000 0.704918 0.280000 0.183215 0.511177 0.474381 0.350000 1 0
0.058824 0.355000 0.393443 0.180000 0.089834 0.304024 0.104611 0.016667 0 1
0.235294 0.425000 0.475410 0.220000 0.057920 0.414307 0.097353 0.116667 0 1
0.411765 0.535000 0.606557 0.000000 0.000000 0.441133 0.075149 0.166667 1 0
0.000000 0.760000 0.672131 0.390000 0.321513 0.618480 0.081981 0.100000 0 1
0.058824 0.595000 0.442623 0.130000 0.059102 0.332340 0.054227 0.050000 0 1
0.470588 0.630000 0.721311 0.360000 0.127660 0.573770 0.115713 0.466667 0 1
0.588235 0.665000 0.557377 0.000000 0.000000 0.402385 0.071307 0.250000 0 1
0.352941 0.950000 0.754098 0.000000 0.000000 0.529061 0.085397 0.750000 1 0
0.058824 0.610000 0.737705 0.510000 0.260047 0.740686 0.105465 0.166667 1 0
0.176471 0.790000 0.573770 0.300000 0.387707 0.529061 0.113578 0.233333 1 0
0.058824 0.445000 0.622951 0.340000 0.043735 0.464978 0.048676 0.033333 0 1
0.000000 0.365000 0.000000 0.000000 0.000000 0.314456 0.112724 0.066667 0 1
0.000000 0.505000 0.532787 0.280000 0.000000 0.366617 0.067891 0.016667 0 1
0.235294 0.735000 0.606557 0.250000 0.346336 0.520119 0.131085 0.150000 0 1
0.411765 0.310000 0.639344 0.000000 0.000000 0.485842 0.133646 0.333333 0 1
0.470588 0.630000 0.606557 0.380000 0.088652 0.385991 0.035867 0.300000 0 1
0.294118 0.555000 0.590164 0.280000 0.000000 0.356185 0.140478 0.100000 0 1
0.117647 0.340000 0.573770 0.320000 0.078014 0.372578 0.046541 0.066667 0 1
0.000000 0.900000 0.639344 0.630000 0.016549 0.885246 1.000000 0.066667 1 0
0.294118 0.650000 0.672131 0.000000 0.000000 0.582712 0.374893 0.266667 1 0
0.000000 0.590000 0.524590 0.230000 0.105201 0.000000 0.705807 0.000000 0 1
0.058824 0.500000 0.540984 0.290000 0.231678 0.476900 0.156277 0.350000 0 1
0.058824 0.460000 0.508197 0.250000 0.048463 0.290611 0.172502 0.066667 0 1
0.058824 0.530000 0.622951 0.000000 0.000000 0.558867 0.050811 0.083333 0 1
0.411765 0.595000 0.000000 0.000000 0.000000 0.375559 0.055935 0.266667 0 1
0.470588 0.560000 0.590164 0.000000 0.000000 0.351714 0.325363 0.616667 0 1
0.000000 0.600000 0.606557 0.180000 0.074468 0.454545 0.088386 0.083333 0 1
0.235294 0.685000 0.688525 0.000000 0.000000 0.464978 0.074296 0.150000 0 1
0.000000 0.690000 0.000000 0.000000 0.000000 0.540984 0.365073 0.066667 1 0
0.058824 0.620000 0.491803 0.320000 0.000000 0.533532 0.186166 0.000000 0 1
0.058824 0.735000 0.770492 0.410000 0.000000 0.734724 0.119556 0.100000 1 0
0.235294 0.625000 0.655738 0.000000 0.000000 0.481371 0.195559 0.100000 1 0
0.117647 0.585000 0.737705 0.190000 0.083924 0.375559 0.100342 0.000000 0 1
0.058824 0.505000 0.409836 0.150000 0.042553 0.360656 0.191289 0.083333 0 1
0.647059 0.600000 0.655738 0.370000 0.177305 0.630402 0.301879 0.450000 1 0
0.235294 0.680000 0.573770 0.000000 0.000000 0.464978 0.471392 0.016667 1 0
0.117647 0.730000 0.622951 0.350000 0.229314 0.569300 0.107173 0.133333 0 1
0.058824 0.565000 0.524590 0.350000 0.000000 0.500745 0.198548 0.000000 1 0
0.411765 0.405000 0.639344 0.400000 0.056738 0.695976 0.078138 0.350000 0 1
0.000000 0.490000 0.672131 0.150000 0.099291 0.375559 0.094364 0.016667 0 1
0.117647 0.790000 0.737705 0.000000 0.000000 0.470939 0.310418 0.750000 1 0
0.647059 0.555000 0.688525 0.400000 0.000000 0.697466 0.361657 0.400000 1 0
0.000000 0.595000 0.000000 0.000000 0.000000 0.482861 0.026900 0.050000 1 0
0.470588 0.770000 0.639344 0.320000 0.000000 0.482861 0.155850 0.400000 1 0
0.117647 0.420000 0.000000 0.000000 0.000000 0.000000 0.096499 0.000000 0 1
0.000000 0.685000 0.327869 0.350000 0.198582 0.642325 0.943638 0.200000 1 0
0.176471 0.510000 0.606557 0.000000 0.000000 0.439642 0.018360 0.183333 0 1
0.176471 0.420000 0.557377 0.300000 0.125296 0.475410 0.219044 0.066667 0 1
0.000000 0.885000 0.491803 0.290000 0.565012 0.515648 0.424424 0.000000 1 0
0.176471 0.500000 0.557377 0.230000 0.095745 0.470939 0.371904 0.116667 0 1
0.058824 0.690000 0.672131 0.000000 0.000000 0.597615 0.067464 0.116667 0 1
0.117647 0.695000 0.614754 0.000000 0.000000 0.381520 0.038002 0.133333 0 1
0.000000 0.655000 0.540984 0.400000 0.000000 0.511177 0.050384 0.016667 1 0
0.470588 0.495000 0.688525 0.000000 0.000000 0.527571 0.132365 0.483333 0 1
0.411765 0.665000 0.721311 0.150000 0.183215 0.482861 0.078565 0.266667 0 1
0.352941 0.495000 0.491803 0.190000 0.063830 0.400894 0.178907 0.183333 0 1
0.235294 0.515000 0.491803 0.330000 0.226950 0.357675 0.379163 0.200000 0 1
0.058824 0.430000 0.540984 0.520000 0.076832 0.615499 0.358241 0.133333 0 1
0.176471 0.845000 0.606557 0.190000 0.147754 0.445604 0.081127 0.166667 1 0
0.470588 0.420000 0.606557 0.310000 0.000000 0.570790 0.161827 0.300000 0 1
0.000000 0.430000 0.557377 0.320000 0.000000 0.533532 0.068318 0.066667 0 1
0.176471 0.750000 0.622951 0.000000 0.000000 0.312966 0.055081 0.266667 0 1
0.294118 0.585000 0.754098 0.000000 0.000000 0.508197 0.110589 0.283333 0 1
0.705882 0.440000 0.606557 0.400000 0.063830 0.526080 0.128096 0.450000 0 1
0.294118 0.220000 0.508197 0.000000 0.000000 0.372578 0.217336 0.250000 0 1
0.235294 0.920000 0.639344 0.390000 0.327423 0.551416 0.079419 0.166667 1 0
0.352941 0.970000 0.639344 0.000000 0.000000 0.350224 0.021776 0.633333 1 0
0.705882 0.500000 0.688525 0.330000 0.124113 0.447094 0.175064 0.416667 0 1
0.588235 0.505000 0.704918 0.370000 0.000000 0.679583 0.451751 0.283333 1 0
0.411765 0.525000 0.000000 0.000000 0.000000 0.000000 0.096926 0.050000 0 1
0.529412 0.670000 0.606557 0.330000 0.070922 0.385991 0.163108 1.000000 0 1
0.294118 0.945000 0.524590 0.330000 0.384161 0.464978 0.215628 0.133333 1 0
0.000000 0.520000 0.524590 0.370000 0.075650 0.500745 0.184458 0.016667 1 0
0.529412 0.615000 0.573770 0.440000 0.111111 0.493294 0.126388 0.316667 0 1
0.117647 0.635000 0.475410 0.240000 0.325059 0.412817 0.649872 0.066667 0 1
0.117647 0.730000 0.000000 0.000000 0.000000 0.409836 0.069172 0.116667 1 0
0.352941 0.555000 0.524590 0.390000 0.000000 0.509687 0.077711 0.050000 0 1
0.294118 0.735000 0.639344 0.000000 0.000000 0.502235 0.059778 0.733333 0 1
0.176471 0.965000 0.573770 0.310000 0.000000 0.520119 0.069599 0.066667 1 0
0.411765 0.530000 0.754098 0.180000 0.000000 0.338301 0.067037 0.450000 0 1
0.470588 0.475000 0.590164 0.000000 0.000000 0.548435 0.173783 0.600000 0 1
0.529412 0.850000 0.606557 0.310000 0.000000 0.655738 0.138770 0.366667 1 0
0.058824 0.625000 0.409836 0.400000 0.197400 0.496274 0.377455 0.116667 1 0
0.235294 0.380000 0.508197 0.000000 0.000000 0.506706 0.133646 0.066667 0 1
0.058824 0.535000 0.557377 0.190000 0.000000 0.394933 0.037148 0.050000 0 1
0.058824 0.765000 0.672131 0.420000 0.573286 0.605067 0.260034 0.033333 0 1
0.117647 0.540000 0.655738 0.000000 0.000000 0.402385 0.077284 0.516667 1 0
0.000000 0.465000 0.819672 0.390000 0.085106 0.646796 0.402647 0.233333 0 1
0.058824 0.395000 0.491803 0.420000 0.056738 0.648286 0.256191 0.033333 0 1
0.235294 0.555000 0.590164 0.470000 0.244681 0.552906 0.560205 0.583333 1 0
0.705882 0.530000 0.655738 0.000000 0.000000 0.351714 0.025192 0.383333 0 1
0.117647 0.460000 0.426230 0.000000 0.000000 0.448584 0.026900 0.016667 0 1
0.294118 0.775000 0.688525 0.440000 0.644208 0.576751 0.230999 0.216667 0 1
0.764706 0.520000 0.590164 0.000000 0.000000 0.464978 0.165243 0.283333 1 0
0.352941 0.620000 0.590164 0.000000 0.000000 0.411326 0.123826 0.133333 1 0
0.411765 0.515000 0.540984 0.320000 0.000000 0.582712 0.113578 0.166667 1 0
0.647059 0.680000 0.688525 0.350000 0.153664 0.421759 0.077711 0.350000 1 0
0.058824 0.500000 0.606557 0.120000 0.054373 0.290611 0.030316 0.116667 0 1
0.647059 0.715000 0.770492 0.330000 0.172577 0.545455 0.075149 0.500000 1 0
0.294118 0.935000 0.622951 0.270000 0.244681 0.649776 0.408198 0.533333 1 0
0.294118 0.680000 0.672131 0.000000 0.000000 0.000000 0.239966 0.800000 0 1
0.058824 0.485000 0.540984 0.150000 0.165485 0.345753 0.174637 0.016667 0 1
0.117647 0.575000 0.524590 0.220000 0.000000 0.459016 0.146456 0.000000 0 1
0.294118 0.530000 0.672131 0.300000 0.000000 0.588674 0.088813 0.283333 0 1
0.117647 0.500000 0.557377 0.250000 0.083924 0.573770 0.105038 0.083333 0 1
0.294118 0.735000 0.614754 0.000000 0.000000 0.445604 0.152007 0.116667 0 1
0.352941 0.000000 0.557377 0.410000 0.000000 0.581222 0.277114 0.333333 1 0
0.588235 0.740000 0.688525 0.480000 0.280142 0.560358 0.394108 0.500000 1 0
0.000000 0.585000 0.000000 0.000000 0.000000 0.503726 0.364646 0.383333 0 1
0.117647 0.540000 0.508197 0.320000 0.066194 0.375559 0.021349 0.000000 0 1
0.176471 0.880000 0.704918 0.270000 0.184397 0.496274 0.459436 0.516667 1 0
0.117647 0.720000 0.475410 0.330000 0.159574 0.470939 0.146883 0.066667 1 0
0.235294 0.755000 0.737705 0.380000 0.000000 0.442623 0.092229 0.250000 0 1
0.000000 0.730000 0.672131 0.000000 0.000000 0.603577 0.727156 0.383333 0 1
0.235294 0.570000 0.524590 0.000000 0.000000 0.430700 0.020495 0.050000 0 1
0.176471 0.640000 0.639344 0.000000 0.000000 0.314456 0.081127 0.566667 0 1
0.117647 0.280000 0.459016 0.280000 0.053192 0.360656 0.108454 0.016667 0 1
0.235294 0.645000 0.491803 0.120000 0.273050 0.409836 0.191716 0.166667 0 1
0.058824 0.515000 0.245902 0.380000 0.098109 0.645306 0.044833 0.200000 0 1
0.352941 0.770000 0.639344 0.410000 0.165485 0.687034 0.210504 0.100000 0 1
0.235294 0.645000 0.704918 0.200000 0.319149 0.523100 0.065329 0.033333 0 1
0.058824 0.475000 0.540984 0.130000 0.044917 0.292101 0.109308 0.066667 0 1
0.058824 0.905000 0.524590 0.300000 0.212766 0.508197 0.106746 0.283333 1 0
0.352941 0.585000 0.786885 0.000000 0.000000 0.427720 0.033732 0.150000 0 1
0.058824 0.815000 0.590164 0.000000 0.000000 0.581222 0.488471 0.200000 1 0
0.705882 0.460000 0.508197 0.070000 0.304965 0.411326 0.362084 0.383333 1 0
0.058824 0.405000 0.590164 0.180000 0.047281 0.396423 0.087532 0.050000 0 1
0.176471 0.575000 0.540984 0.390000 0.165485 0.567809 0.030743 0.116667 0 1
0.470588 0.455000 0.672131 0.000000 0.000000 0.530551 0.217336 0.783333 0 1
0.352941 0.460000 0.754098 0.000000 0.000000 0.296572 0.046968 0.116667 0 1
0.058824 0.485000 0.573770 0.150000 0.000000 0.271237 0.029462 0.000000 0 1
0.058824 0.665000 0.836066 0.280000 0.165485 0.488823 0.066610 0.400000 1 0
0.176471 0.900000 0.524590 0.250000 0.082742 0.506706 0.082408 0.083333 0 1
0.176471 0.955000 0.557377 0.150000 0.153664 0.460507 0.094364 0.216667 0 1
0.058824 0.600000 0.655738 0.480000 0.236407 0.579732 0.462852 0.333333 0 1
0.058824 0.590000 0.475410 0.360000 0.111111 0.496274 0.078138 0.033333 0 1
0.647059 0.690000 0.622951 0.000000 0.000000 0.494784 0.146029 0.233333 0 1
0.058824 0.475000 0.672131 0.250000 0.212766 0.521610 0.066183 0.366667 1 0
0.529412 0.920000 0.696721 0.150000 0.000000 0.447094 0.484629 0.466667 1 0
0.000000 0.605000 0.540984 0.300000 0.195035 0.511177 0.053373 0.200000 1 0
0.058824 0.440000 0.639344 0.290000 0.089834 0.476900 0.122545 0.133333 0 1
0.235294 0.655000 0.557377 0.210000 0.196217 0.493294 0.035013 0.116667 0 1
0.058824 0.605000 0.639344 0.390000 0.087470 0.581222 0.078138 0.116667 0 1
0.294118 0.560000 0.540984 0.000000 0.000000 0.563338 0.078138 0.333333 1 0
0.117647 0.495000 0.491803 0.170000 0.189125 0.545455 0.160120 0.000000 0 1
0.764706 0.530000 0.573770 0.000000 0.000000 0.509687 0.073869 0.516667 0 1
0.000000 0.685000 0.573770 0.380000 0.000000 0.494784 0.039283 0.016667 0 1
0.352941 0.465000 0.409836 0.300000 0.075650 0.427720 0.118702 0.033333 0 1
0.000000 0.530000 0.573770 0.370000 0.174941 0.587183 0.225021 0.016667 0 1
0.117647 0.505000 0.475410 0.350000 0.106383 0.324888 0.032878 0.016667 0 1
0.705882 0.700000 0.672131 0.430000 0.384161 0.584203 0.192143 0.616667 1 0
0.058824 0.585000 0.721311 0.240000 0.171395 0.514158 0.138770 0.316667 1 0
0.529412 0.455000 0.557377 0.000000 0.000000 0.360656 0.052092 0.616667 0 1
0.058824 0.620000 0.606557 0.360000 0.000000 0.414307 0.009394 0.150000 0 1
0.176471 0.515000 0.590164 0.300000 0.179669 0.411326 0.278395 0.100000 0 1
0.764706 0.645000 0.000000 0.300000 0.000000 0.594635 0.209650 0.383333 1 0
0.176471 0.855000 0.590164 0.330000 0.159574 0.496274 0.051665 0.050000 1 0
0.000000 0.615000 0.590164 0.000000 0.000000 0.540984 0.076857 0.516667 1 0
0.235294 0.475000 0.524590 0.000000 0.000000 0.476900 0.035440 0.166667 1 0
0.294118 0.515000 0.885246 0.370000 0.000000 0.584203 0.096926 0.733333 0 1
0.176471 0.910000 0.606557 0.000000 0.000000 0.454545 0.114005 0.133333 1 0
0.588235 0.340000 0.868852 0.230000 0.057920 0.529061 0.088386 0.433333 0 1
0.235294 0.495000 0.590164 0.170000 0.000000 0.381520 0.092229 0.116667 0 1
0.352941 0.735000 0.655738 0.000000 0.000000 0.439642 0.042699 0.483333 1 0
0.058824 0.545000 0.311475 0.180000 0.141844 0.344262 0.140478 0.083333 0 1
0.058824 0.820000 0.672131 0.430000 0.079196 0.488823 0.112297 0.483333 0 1
0.470588 0.600000 0.704918 0.000000 0.000000 0.423249 0.077284 0.016667 1 0
0.529412 0.700000 0.770492 0.000000 0.000000 0.487332 0.280102 0.400000 1 0
0.176471 0.560000 0.606557 0.300000 0.000000 0.470939 0.050811 0.066667 1 0
0.058824 0.400000 0.606557 0.110000 0.070922 0.447094 0.191716 0.016667 0 1
0.000000 0.545000 0.721311 0.300000 0.000000 0.484352 0.331768 0.283333 1 0
0.411765 0.980000 0.737705 0.000000 0.000000 0.593145 0.159266 0.333333 1 0
0.117647 0.625000 0.491803 0.200000 0.165485 0.503726 0.004270 0.166667 0 1
0.058824 0.945000 0.491803 0.230000 1.000000 0.448584 0.136635 0.633333 1 0
0.470588 0.970000 0.655738 0.000000 0.000000 0.388972 0.201964 0.766667 0 1
0.411765 0.750000 0.540984 0.420000 0.404255 0.517139 0.273271 0.350000 0 1
0.294118 0.425000 0.606557 0.220000 0.000000 0.432191 0.489325 0.183333 1 0
0.235294 0.575000 0.590164 0.000000 0.000000 0.430700 0.127242 0.416667 1 0
0.411765 0.760000 0.721311 0.440000 0.000000 0.745156 0.110589 0.250000 1 0
0.000000 0.655000 0.000000 0.000000 0.000000 0.643815 0.081981 0.083333 1 0
0.352941 0.525000 0.573770 0.320000 0.080378 0.459016 0.018787 0.266667 0 1
0.058824 0.355000 0.508197 0.000000 0.000000 0.324888 0.144321 0.083333 0 1
0.000000 0.940000 0.672131 0.140000 0.218676 0.476900 0.257899 0.016667 1 0
0.352941 0.535000 0.721311 0.000000 0.000000 0.548435 0.277114 0.166667 0 1
0.470588 0.500000 0.622951 0.000000 0.000000 0.576751 0.047822 0.350000 0 1
0.117647 0.415000 0.532787 0.280000 0.078014 0.548435 0.235269 0.050000 0 1
0.176471 0.610000 0.639344 0.000000 0.000000 0.342772 0.075149 0.316667 0 1
0.176471 0.630000 0.721311 0.410000 0.277778 0.585693 0.267293 0.100000 0 1
0.058824 0.395000 0.614754 0.300000 0.000000 0.476900 0.135781 0.016667 0 1
0.176471 0.305000 0.672131 0.280000 0.000000 0.512668 0.070453 0.416667 0 1
0.000000 0.595000 0.540984 0.270000 0.000000 0.578241 0.077284 0.016667 0 1
0.235294 0.730000 0.696721 0.270000 0.118203 0.430700 0.047395 0.100000 0 1
0.117647 0.500000 0.540984 0.200000 0.106383 0.490313 0.336892 0.116667 1 0
0.117647 0.530000 0.524590 0.350000 0.140662 0.454545 0.564475 0.216667 0 1
0.529412 0.770000 0.639344 0.300000 0.118203 0.460507 0.036721 0.400000 0 1
0.117647 0.470000 0.557377 0.180000 0.089834 0.387481 0.206234 0.000000 0 1
0.058824 0.675000 0.442623 0.000000 0.000000 0.397914 0.260034 0.683333 0 1
0.000000 0.675000 0.770492 0.460000 0.171395 0.605067 0.087959 0.083333 0 1
0.176471 0.555000 0.459016 0.390000 0.000000 0.448584 0.204526 0.150000 0 1
0.294118 0.430000 0.557377 0.280000 0.083924 0.450075 0.122118 0.050000 0 1
0.823529 0.875000 0.508197 0.300000 0.000000 0.500745 0.057216 0.283333 1 0
0.176471 0.815000 0.573770 0.180000 0.124113 0.470939 0.081127 0.116667 1 0
0.588235 0.555000 0.573770 0.270000 0.000000 0.409836 0.026900 0.316667 1 0
0.176471 0.450000 0.639344 0.000000 0.000000 0.636364 0.205380 0.000000 0 1
0.352941 0.915000 0.770492 0.000000 0.000000 0.608048 0.590521 0.400000 0 1
0.176471 0.935000 0.573770 0.220000 0.236407 0.542474 0.140905 0.250000 1 0
0.117647 0.435000 0.475410 0.160000 0.061466 0.487332 0.037575 0.066667 0 1
0.058824 0.435000 0.557377 0.340000 0.091017 0.560358 0.137916 0.050000 0 1
0.000000 0.475000 0.655738 0.450000 0.108747 0.543964 0.107600 0.083333 0 1
0.058824 0.455000 0.442623 0.250000 0.118203 0.375559 0.066610 0.033333 0 1
0.117647 0.340000 0.508197 0.130000 0.017730 0.299553 0.076430 0.033333 0 1
0.176471 0.555000 0.475410 0.310000 0.052010 0.439642 0.150299 0.016667 0 1
0.000000 0.695000 0.508197 0.170000 0.248227 0.329359 0.055081 0.000000 0 1
0.529412 0.285000 0.655738 0.370000 0.000000 0.488823 0.007686 0.333333 0 1
0.176471 0.495000 0.655738 0.110000 0.075650 0.287630 0.087959 0.150000 0 1
0.176471 0.710000 0.655738 0.150000 0.000000 0.482861 0.052092 0.700000 0 1
0.176471 0.850000 0.524590 0.370000 0.265957 0.514158 0.118702 0.150000 1 0
0.000000 0.520000 0.622951 0.000000 0.000000 0.274218 0.215201 0.100000 0 1
0.117647 0.440000 0.606557 0.190000 0.062648 0.432191 0.064475 0.016667 0 1
0.294118 0.440000 0.639344 0.300000 0.000000 0.411326 0.076857 0.266667 0 1
0.235294 0.720000 0.672131 0.320000 0.000000 0.573770 0.203245 0.266667 1 0
0.294118 0.365000 0.491803 0.000000 0.000000 0.399404 0.081127 0.100000 0 1
0.058824 0.865000 0.606557 0.000000 0.000000 0.548435 0.004270 0.283333 1 0
0.411765 0.500000 0.000000 0.000000 0.000000 0.447094 0.173356 0.183333 1 0
0.529412 0.560000 0.672131 0.240000 0.000000 0.420268 0.514091 0.483333 1 0
0.117647 0.495000 0.426230 0.150000 0.111111 0.366617 0.238685 0.000000 0 1
0.588235 0.460000 0.508197 0.000000 0.000000 0.385991 0.038002 0.166667 0 1
0.117647 0.775000 0.606557 0.170000 0.113475 0.396423 0.151580 0.100000 1 0
0.176471 0.400000 0.672131 0.310000 0.082742 0.509687 0.518360 0.100000 1 0
0.058824 0.650000 0.491803 0.230000 0.200946 0.426230 0.262169 0.000000 0 1
0.411765 0.935000 0.409836 0.330000 0.463357 0.505216 0.319385 0.216667 1 0
0.764706 0.530000 0.590164 0.540000 0.000000 0.545455 0.042699 0.400000 0 1
0.529412 0.510000 0.622951 0.370000 0.000000 0.490313 0.250640 0.416667 1 0
0.529412 0.610000 0.459016 0.000000 0.000000 0.496274 0.442357 0.200000 1 0
0.176471 0.625000 0.475410 0.000000 0.000000 0.470939 0.031170 0.050000 0 1
0.411765 0.710000 0.491803 0.330000 0.224586 0.429210 0.260034 0.666667 0 1
0.000000 0.640000 0.557377 0.190000 0.212766 0.454545 0.560632 0.066667 1 0
0.117647 0.645000 0.000000 0.000000 0.000000 0.573770 0.096499 0.333333 0 1
0.411765 0.620000 0.573770 0.330000 0.254137 0.380030 0.035440 0.266667 0 1
0.058824 0.715000 0.606557 0.220000 0.072104 0.390462 0.076003 0.000000 0 1
0.117647 0.870000 0.721311 0.370000 0.141844 0.663189 0.242528 0.050000 1 0
0.000000 0.645000 0.901639 0.460000 0.153664 1.000000 0.102904 0.083333 1 0
0.000000 0.390000 0.721311 0.290000 0.047281 0.549925 0.152007 0.000000 0 1
0.000000 0.535000 0.622951 0.000000 0.000000 0.675112 0.259607 0.050000 0 1
0.647059 0.675000 0.000000 0.000000 0.000000 0.779434 0.213493 0.316667 1 0
0.000000 0.705000 0.000000 0.000000 0.000000 0.631893 0.054227 0.133333 1 0
0.000000 0.945000 0.852459 0.250000 0.000000 0.511177 0.152434 0.333333 1 0
0.117647 0.445000 0.737705 0.300000 0.000000 0.499255 0.091375 0.350000 0 1
0.000000 0.500000 0.573770 0.260000 0.059102 0.459016 0.221605 0.000000 0 1
0.294118 0.715000 0.639344 0.000000 0.000000 0.670641 0.047822 0.433333 0 1
0.294118 0.575000 0.803279 0.000000 0.000000 0.788376 0.055935 0.116667 1 0
0.235294 0.485000 0.491803 0.230000 0.000000 0.420268 0.155850 0.016667 0 1
0.058824 0.485000 0.557377 0.210000 0.000000 0.405365 0.434244 0.016667 0 1
0.117647 0.495000 0.000000 0.000000 0.000000 0.330849 0.012810 0.033333 0 1
0.411765 0.935000 0.557377 0.390000 0.359338 0.561848 0.075149 0.333333 1 0
0.117647 0.560000 0.540984 0.220000 0.000000 0.372578 0.097780 0.050000 0 1
0.058824 0.570000 0.540984 0.360000 0.236407 0.567809 0.090094 0.000000 0 1
0.058824 0.715000 0.688525 0.230000 0.366430 0.631893 0.426132 0.016667 0 1
0.117647 0.570000 0.557377 0.220000 0.000000 0.427720 0.005978 0.066667 0 1
0.058824 0.530000 0.573770 0.280000 0.159574 0.509687 0.027327 0.016667 0 1
0.117647 0.415000 0.540984 0.230000 0.059102 0.479881 0.178907 0.016667 0 1
0.000000 0.725000 0.000000 0.000000 0.000000 0.658718 0.235696 0.166667 1 0
0.013841 0.765625 0.520290 0.000000 0.000000 0.116473 0.011213 0.000278 0 1
0.013841 0.403225 0.142166 0.044100 0.156801 0.262828 0.001751 0.000278 0 1
0.124567 0.570025 0.258264 0.096100 0.020120 0.279906 0.068733 0.013611 0 1
0.221453 0.180625 0.203239 0.040000 0.000000 0.132231 0.000613 0.122500 0 1
0.086505 0.483025 0.429992 0.122500 0.035768 0.221784 0.014602 0.004444 1 0
0.013841 0.211600 0.258264 0.078400 0.000000 0.221784 0.000493 0.002500 0 1
0.013841 0.448900 0.329212 0.000000 0.000000 0.185502 0.039252 0.001111 1 0
0.124567 0.324900 0.520290 0.000000 0.000000 0.171650 0.005207 0.562500 0 1
0.000000 0.810000 0.544209 0.067600 0.011317 0.295897 0.010154 0.054444 1 0
0.055363 0.230400 0.210696 0.028900 0.003355 0.096091 0.012515 0.006944 0 1
0.003460 0.490000 0.367911 0.067600 0.045269 0.128999 0.102553 0.001111 0 1
0.003460 0.176400 0.275195 0.052900 0.018478 0.302418 0.028159 0.013611 0 1
0.003460 0.308025 0.258264 0.016900 0.046281 0.127931 0.000656 0.001111 0 1
0.013841 0.275625 0.226015 0.160000 0.012346 0.270524 0.003940 0.004444 0 1
0.000000 0.435600 0.408761 0.000000 0.000000 0.233155 0.018090 0.000000 0 1
0.055363 0.302500 0.388068 0.040000 0.013972 0.179140 0.000292 0.010000 0 1
0.031142 0.308025 0.258264 0.000000 0.000000 0.113442 0.000747 0.000000 0 1
0.221453 0.360000 0.408761 0.000000 0.000000 0.138814 0.019975 0.513612 0 1
0.000000 0.697225 0.000000 0.000000 0.000000 0.231718 0.105583 0.022500 1 0
0.055363 0.202500 0.520290 0.220900 0.004074 0.315673 0.014705 0.017778 0 1
0.013841 0.255025 0.226015 0.028900 0.098119 0.130073 0.052379 0.001111 0 1
0.169550 0.540225 0.388068 0.000000 0.000000 0.344784 0.005842 0.134445 1 0
0.000000 0.275625 0.310669 0.048400 0.000000 0.088842 0.004551 0.000278 0 1
0.031142 0.160000 0.000000 0.000000 0.000000 0.000000 0.001680 0.000278 0 1
0.013841 0.202500 0.329212 0.028900 0.000000 0.165531 0.000009 0.000278 0 1
0.000000 0.810000 0.292664 0.152100 0.000000 0.391790 0.600592 0.004444 1 0
0.013841 0.409600 0.408761 0.136900 0.046281 0.416420 0.239439 0.027778 1 0
0.031142 0.756900 0.226015 0.048400 0.052585 0.240407 0.048355 0.062500 1 0
0.086505 0.000000 0.429992 0.102400 0.000000 0.373355 0.013095 0.071111 1 0
0.498269 0.490000 0.485420 0.108900 0.000000 0.310669 0.005024 0.111111 0 1
0.031142 0.378225 0.671862 0.122500 0.080479 0.729229 0.117267 0.000278 0 1
0.169550 0.416025 0.310669 0.240100 0.021831 0.329212 0.023760 0.134445 1 0
0.000000 0.260100 0.275195 0.211600 0.008501 0.366106 0.031855 0.000000 0 1
0.055363 0.624100 0.408761 0.000000 0.000000 0.240407 0.095830 0.027778 1 0
0.346020 0.705600 0.367911 0.000000 0.000000 0.320717 0.038411 0.046945 1 0
0.003460 0.193600 0.258264 0.057600 0.002705 0.198563 0.021575 0.001111 0 1
0.055363 0.202500 0.000000 0.000000 0.000000 0.174129 0.051600 0.027778 0 1
0.003460 0.250000 0.348294 0.014400 0.006846 0.142166 0.061332 0.013611 0 1
0.003460 0.275625 0.226015 0.000000 0.000000 0.131150 0.002166 0.000000 0 1
0.086505 0.235225 0.388068 0.072900 0.000000 0.281484 0.016409 0.266945 1 0
0.013841 0.216225 0.275195 0.102400 0.035768 0.320717 0.064762 0.001111 1 0
0.086505 0.378225 0.367911 0.160000 0.008284 0.258264 0.006651 0.013611 0 1
0.013841 0.250000 0.195915 0.078400 0.015404 0.317350 0.032161 0.002500 0 1
0.418685 0.600625 0.388068 0.078400 0.031437 0.246288 0.296378 0.250000 1 0
0.346020 0.330625 0.645257 0.000000 0.000000 0.127931 0.162469 0.046945 0 1
0.055363 0.176400 0.544209 0.052900 0.004382 0.346537 0.001196 0.004444 0 1
0.086505 0.225625 0.348294 0.108900 0.000000 0.315673 0.015545 0.010000 0 1
0.013841 0.348100 0.429992 0.000000 0.000000 0.408761 0.068957 0.000000 1 0
0.013841 0.532900 0.329212 0.144400 0.181077 0.174129 0.012230 0.017778 1 0
0.003460 0.532900 0.210696 0.000000 0.000000 0.195915 0.043062 0.017778 0 1
0.055363 0.378225 0.429992 0.022500 0.043280 0.227434 0.024289 0.046945 0 1
0.003460 0.297025 0.241870 0.006400 0.046281 0.143292 0.137678 0.000000 0 1
0.003460 0.336400 0.408761 0.084100 0.045269 0.289447 0.031855 0.004444 0 1
0.031142 0.198025 0.367911 0.025600 0.010095 0.205259 0.040789 0.080278 0 1
0.000000 0.112225 0.388068 0.000000 0.000000 0.455776 0.002453 0.173611 0 1
0.013841 0.313600 0.408761 0.250000 0.027385 0.344784 0.001715 0.002500 0 1
0.013841 0.275625 0.377922 0.000000 0.000000 0.120578 0.042357 0.284444 0 1
0.055363 0.372100 0.310669 0.000000 0.000000 0.272077 0.018205 0.017778 0 1
0.013841 0.291600 0.275195 0.000000 0.000000 0.210696 0.001167 0.000000 0 1
0.003460 0.000000 0.310669 0.122500 0.000000 0.227434 0.017634 0.000278 0 1
0.000000 0.403225 0.429992 0.136900 0.061617 0.292664 0.096094 0.001111 0 1
0.003460 0.342225 0.241870 0.052900 0.015699 0.253740 0.027447 0.010000 0 1
0.000000 0.656100 0.388068 0.313600 0.013972 0.628605 0.084551 0.004444 1 0
0.124567 0.950625 0.329212 0.000000 0.000000 0.212067 0.011395 0.027778 1 0
0.031142 0.319225 0.130073 0.016900 0.000000 0.111442 0.000701 0.000278 0 1
0.003460 0.148225 0.210696 0.090000 0.004382 0.246288 0.250855 0.002500 0 1
0.584775 0.525625 0.451760 0.036100 0.016906 0.109461 0.005085 0.360000 0 1
0.013841 0.291600 0.181672 0.067600 0.005545 0.234597 0.010502 0.000278 0 1
0.055363 0.297025 0.275195 0.193600 0.013694 0.268976 0.124692 0.006944 1 0
0.000000 0.255025 0.258264 0.000000 0.000000 0.106523 0.012136 0.004444 0 1
0.003460 0.000000 0.367911 0.040000 0.000739 0.170418 0.008905 0.000000 0 1
0.221453 0.297025 0.388068 0.152100 0.018158 0.172887 0.057584 0.027778 1 0
0.221453 0.960400 0.388068 0.084100 0.109540 0.312332 0.050634 0.360000 1 0
0.086505 0.469225 0.783660 0.000000 0.000000 0.528926 0.004048 0.071111 1 0
0.280277 0.280900 0.181672 0.000000 0.000000 0.216205 0.016628 0.122500 0 1
0.013841 0.409600 0.275195 0.176400 0.000000 0.355365 0.190799 0.002500 0 1
0.000000 0.291600 0.310669 0.040000 0.000000 0.165531 0.091647 0.033611 0 1
0.086505 0.324900 0.367911 0.000000 0.000000 0.137706 0.080867 0.360000 0 1
0.003460 0.297025 0.210696 0.044100 0.025464 0.141045 0.103925 0.001111 0 1
0.169550 0.705600 0.520290 0.176400 0.143969 0.324102 0.091647 0.100278 1 0
0.003460 0.164025 0.367911 0.168100 0.004540 0.476121 0.188939 0.033611 0 1
0.013841 0.207025 0.258264 0.000000 0.000000 0.165531 0.036429 0.000278 0 1
0.169550 0.462400 0.544209 0.000000 0.000000 0.198563 0.003177 0.233611 0 1
0.169550 0.469225 0.544209 0.168100 0.000000 0.227434 0.017861 0.090000 0 1
0.169550 0.504100 0.544209 0.057600 0.321916 0.205259 0.000456 0.134445 1 0
0.003460 0.000000 0.154797 0.040000 0.000000 0.135503 0.000701 0.000278 0 1
0.086505 0.462400 0.474067 0.168100 0.010820 0.272077 0.007888 0.054444 1 0
0.055363 0.608400 0.377922 0.000000 0.000000 0.518142 0.004667 0.033611 1 0
0.221453 0.819025 0.310669 0.129600 0.342349 0.201228 0.052574 0.422500 1 0
0.124567 0.189225 0.429992 0.000000 0.000000 0.119545 0.000007 0.033611 0 1
0.000000 0.801025 0.167966 0.129600 0.035323 0.317350 0.025913 0.000278 1 0
0.003460 0.518400 0.451760 0.211600 0.045269 0.472016 0.012042 0.173611 1 0
0.086505 0.396900 0.408761 0.072900 0.000676 0.194598 0.023760 0.100278 0 1
0.346020 0.220900 0.348294 0.032400 0.000000 0.118516 0.048731 0.340277 0 1
0.000000 0.286225 0.241870 0.062500 0.000000 0.154797 0.000552 0.001111 0 1
0.000000 0.308025 0.283862 0.000000 0.000000 0.134408 0.061755 0.027778 0 1
0.000000 0.497025 0.474067 0.067600 0.000000 0.233155 0.022976 0.000278 0 1
0.013841 0.372100 0.388068 0.072900 0.055888 0.286249 0.029904 0.006944 0 1
0.000000 0.390625 0.310669 0.000000 0.000000 0.135503 0.002987 0.000000 0 1
0.221453 0.250000 0.367911 0.160000 0.064586 0.344784 0.061968 0.134445 1 0
0.031142 0.366025 0.181672 0.000000 0.000000 0.287846 0.000438 0.004444 1 0
0.086505 0.302500 0.310669 0.000000 0.000000 0.150142 0.008349 0.022500 0 1
0.013841 0.250000 0.329212 0.270400 0.004540 0.364305 0.065415 0.004444 0 1
0.086505 0.518400 0.451760 0.067600 0.113487 0.227434 0.025502 0.380278 1 0
0.418685 0.265225 0.310669 0.160000 0.000000 0.474067 0.000420 0.122500 0 1
0.031142 0.230400 0.210696 0.115600 0.018478 0.135503 0.136729 0.090000 0 1
0.031142 0.260100 0.130073 0.040000 0.012346 0.210696 0.018903 0.006944 0 1
0.086505 0.148225 0.451760 0.168100 0.002465 0.284656 0.001109 0.054444 0 1
0.221453 0.348100 0.348294 0.036100 0.000000 0.118516 0.356321 0.173611 0 1
0.003460 0.202500 0.258264 0.014400 0.002583 0.164321 0.045945 0.002500 0 1
0.003460 0.810000 0.000000 0.000000 0.000000 0.416420 0.007587 0.111111 1 0
0.013841 0.313600 0.496909 0.176400 0.035768 0.327504 0.005146 0.013611 0 1
0.003460 0.265225 0.429992 0.012100 0.009395 0.083591 0.031098 0.000278 0 1
0.221453 0.360000 0.000000 0.000000 0.000000 0.199893 0.002010 0.080278 1 0
0.280277 0.672400 0.474067 0.044100 0.000000 0.210696 0.103375 0.033611 1 0
0.003460 0.330625 0.329212 0.090000 0.012877 0.265893 0.037083 0.033611 1 0
0.124567 0.448900 0.329212 0.052900 0.023613 0.278331 0.039252 0.017778 1 0
0.003460 0.198025 0.038699 0.036100 0.000873 0.171650 0.042181 0.000000 0 1
0.013841 0.211600 0.388068 0.040000 0.000000 0.130073 0.478471 0.013611 0 1
0.124567 0.656100 0.258264 0.000000 0.000000 0.131150 0.001823 0.233611 1 0
0.013841 0.360000 0.388068 0.136900 0.015404 0.350054 0.003422 0.017778 0 1
0.031142 0.624100 0.388068 0.129600 0.083867 0.221784 0.108940 0.013611 1 0
0.000000 0.396900 0.474067 0.084100 0.064586 0.209330 0.035618 0.002500 0 1
0.221453 0.511225 0.292664 0.000000 0.000000 0.270524 0.000474 0.111111 1 0
0.124567 0.518400 0.348294 0.072900 0.072632 0.255243 0.005712 0.100278 0 1
0.000000 0.448900 0.226015 0.040000 0.118317 0.154797 0.013688 0.000000 0 1
0.221453 0.570025 0.408761 0.102400 0.061617 0.408761 0.034976 0.062500 1 0
0.418685 0.403225 0.754904 0.000000 0.000000 0.337819 0.002287 0.250000 0 1
0.003460 0.409600 0.451760 0.028900 0.046791 0.167966 0.000250 0.000278 0 1
0.031142 0.409600 0.348294 0.062500 0.050439 0.233155 0.040445 0.010000 1 0
0.013841 0.372100 0.241870 0.032400 0.015699 0.197236 0.074444 0.000278 0 1
0.346020 0.801025 0.329212 0.000000 0.000000 0.273634 0.002714 0.071111 0 1
0.124567 0.688900 0.367911 0.000000 0.000000 0.157151 0.009312 0.562500 0 1
0.003460 0.313600 0.348294 0.090000 0.043280 0.262828 0.036919 0.004444 0 1
0.000000 0.801025 0.544209 0.072900 0.000000 0.431949 0.067396 0.001111 1 0
0.124567 0.390625 0.408761 0.096100 0.000000 0.169189 0.043240 0.217778 1 0
0.031142 0.245025 0.195915 0.036100 0.010334 0.145558 0.001053 0.002500 0 1
0.346020 0.656100 0.474067 0.000000 0.000000 0.170418 0.001972 0.302500 0 1
0.000000 0.490000 0.283862 0.067600 0.023613 0.403064 0.022718 0.002500 1 0
0.346020 0.483025 0.429992 0.000000 0.000000 0.163115 0.338702 0.360000 0 1
0.086505 0.342225 0.496909 0.090000 0.015404 0.339553 0.005457 0.122500 0 1
0.169550 0.940900 0.310669 0.078400 0.000000 0.286249 0.081110 0.111111 1 0
0.031142 0.360000 0.329212 0.090000 0.025464 0.408761 0.025502 0.022500 0 1
0.003460 0.235225 0.275195 0.036100 0.009395 0.073570 0.008905 0.000000 0 1
0.000000 0.540225 0.485420 0.291600 0.000000 0.406858 0.016082 0.002500 0 1
0.031142 0.176400 0.348294 0.102400 0.000000 0.307355 0.006513 0.013611 0 1
0.055363 0.348100 0.329212 0.000000 0.000000 0.439820 0.124390 0.006944 0 1
0.031142 0.624100 0.275195 0.016900 0.209258 0.216205 0.008585 0.002500 0 1
0.003460 0.354025 0.130073 0.220900 0.005545 0.279906 0.007439 0.004444 0 1
0.000000 0.270400 0.275195 0.052900 0.018801 0.171650 0.025775 0.001111 0 1
0.169550 0.442225 0.474067 0.000000 0.000000 0.358928 0.069631 0.071111 0 1
0.124567 0.260100 0.544209 0.152100 0.000000 0.283069 0.064762 0.013611 0 1
0.124567 0.390625 0.388068 0.000000 0.000000 0.253740 0.000337 0.302500 1 0
0.003460 0.308025 0.593658 0.000000 0.000000 0.238948 0.006375 0.160000 0 1
0.000000 0.081225 0.241870 0.000000 0.000000 0.104586 0.078697 0.587778 0 1
0.000000 0.250000 0.520290 0.360000 0.016906 0.486459 0.142472 0.027778 0 1
0.003460 0.291600 0.241870 0.211600 0.044269 0.279906 0.020705 0.002500 0 1
0.124567 0.240100 0.226015 0.108900 0.050439 0.256751 0.022590 0.134445 0 1
0.013841 0.372100 0.181672 0.184900 0.034880 0.291053 0.099297 0.013611 0 1
0.003460 0.168100 0.275195 0.016900 0.012610 0.099822 0.020705 0.001111 0 1
0.031142 0.152100 0.329212 0.000000 0.000000 0.234597 0.006721 0.090000 0 1
0.013841 0.245025 0.329212 0.025600 0.002705 0.092431 0.004494 0.010000 0 1
0.003460 0.483025 0.142166 0.036100 0.009625 0.182944 0.060488 0.000278 0 1
0.031142 0.193600 0.226015 0.012100 0.004074 0.136603 0.006513 0.000278 0 1
0.086505 0.291600 0.348294 0.184900 0.007859 0.289447 0.006240 0.040000 0 1
0.000000 0.680625 0.388068 0.184900 0.090853 0.509596 0.005973 0.006944 0 1
0.055363 0.207025 0.329212 0.102400 0.010820 0.243339 0.024690 0.000278 0 1
0.013841 0.220900 0.388068 0.032400 0.006086 0.221784 0.059443 0.001111 0 1
0.000000 0.319225 0.429992 0.025600 0.000000 0.213441 0.115518 0.000000 0 1
0.031142 0.319225 0.167966 0.010000 0.010095 0.193285 0.054750 0.004444 0 1
0.013841 0.240100 0.241870 0.028900 0.020120 0.267433 0.002625 0.000278 0 1
0.003460 0.160000 0.203239 0.000000 0.000000 0.081026 0.005907 0.000000 0 1
0.086505 0.297025 0.377922 0.067600 0.000000 0.287846 0.039932 0.422500 0 1
0.055363 0.220900 0.283862 0.048400 0.000000 0.135503 0.000893 0.000000 0 1
0.003460 0.409600 0.154797 0.202500 0.052585 0.364305 0.052183 0.002500 1 0
0.000000 0.455625 0.310669 0.176400 0.087325 0.397407 0.015017 0.002500 1 0
0.013841 0.416025 0.367911 0.067600 0.058718 0.244811 0.047980 0.004444 0 1
0.013841 0.275625 0.429992 0.202500 0.050971 0.252240 0.073052 0.017778 1 0
0.055363 0.518400 0.226015 0.078400 0.027385 0.193285 0.007964 0.071111 0 1
0.280277 0.313600 0.451760 0.102400 0.042789 0.259781 0.006039 0.062500 1 0
0.000000 0.429025 0.520290 0.000000 0.000000 0.221784 0.080625 0.033611 1 0
0.418685 0.180625 0.367911 0.000000 0.000000 0.201228 0.008985 0.054444 0 1
0.055363 0.172225 0.496909 0.036100 0.000000 0.190674 0.010414 0.046945 0 1
0.280277 0.129600 0.408761 0.062500 0.000000 0.221784 0.007439 0.080278 0 1
0.031142 0.422500 0.275195 0.000000 0.000000 0.118516 0.010154 0.000278 0 1
0.031142 0.136900 0.310669 0.078400 0.002829 0.195915 0.008428 0.001111 0 1
0.124567 0.378225 0.348294 0.202500 0.073912 0.250746 0.078218 0.046945 0 1
0.003460 0.225625 0.241870 0.032400 0.004700 0.126868 0.006039 0.000278 0 1
0.221453 0.286225 0.429992 0.000000 0.000000 0.134408 0.110354 0.046945 0 1
0.055363 0.532900 0.568664 0.000000 0.000000 0.216205 0.038746 0.444445 1 0
0.003460 0.126025 0.408761 0.250000 0.002829 0.244811 0.021575 0.000000 0 1
0.086505 0.275625 0.348294 0.084100 0.147580 0.302418 0.001196 0.013611 0 1
0.000000 0.235225 0.275195 0.129600 0.013972 0.300781 0.049678 0.004444 0 1
0.000000 0.319225 0.388068 0.000000 0.000000 0.246288 0.007293 0.001111 1 0
0.003460 0.705600 0.520290 0.084100 0.000000 0.272077 0.124692 0.266945 1 0
0.055363 0.360000 0.310669 0.000000 0.000000 0.194598 0.072591 0.046945 0 1
0.003460 0.156025 0.429992 0.062500 0.001913 0.143292 0.046495 0.000278 0 1
0.169550 0.648025 0.496909 0.000000 0.000000 0.205259 0.001380 0.187777 1 0
0.003460 0.216225 0.210696 0.012100 0.000000 0.112440 0.020952 0.000278 0 1
0.003460 0.409600 0.645257 0.168100 0.004700 0.227434 0.281688 0.040000 1 0
0.169550 0.640000 0.195915 0.102400 0.042789 0.206611 0.047421 0.090000 1 0
0.124567 0.592900 0.367911 0.102400 0.052044 0.190674 0.105583 0.090000 0 1
0.055363 0.748225 0.329212 0.019600 0.039435 0.195915 0.014602 0.040000 1 0
0.003460 0.202500 0.258264 0.032400 0.004864 0.139928 0.258179 0.004444 0 1
0.003460 0.396900 0.210696 0.084100 0.032281 0.182944 0.095302 0.000000 0 1
0.031142 0.422500 0.408761 0.052900 0.008720 0.179140 0.010943 0.046945 1 0
0.086505 0.483025 0.275195 0.122500 0.027385 0.181672 0.020217 0.006944 0 1
0.003460 0.372100 0.275195 0.102400 0.034002 0.273634 0.068733 0.022500 1 0
0.055363 0.837225 0.000000 0.000000 0.000000 0.179140 0.003274 0.062500 1 0
0.000000 0.324900 0.429992 0.115600 0.113487 0.433909 0.001444 0.010000 0 1
0.055363 0.448900 0.348294 0.000000 0.000000 0.125808 0.007220 0.422500 1 0
0.169550 0.172225 0.408761 0.067600 0.007043 0.190674 0.086550 0.062500 0 1
0.013841 0.313600 0.310669 0.048400 0.012346 0.258264 0.010241 0.006944 0 1
0.086505 0.624100 0.474067 0.168100 0.061617 0.344784 0.018321 0.017778 1 0
0.280277 0.525625 0.429992 0.211600 0.023613 0.319032 0.056971 0.100278 1 0
0.000000 0.648025 0.167966 0.000000 0.000000 0.106523 0.005647 0.537777 0 1
0.055363 0.893025 0.812953 0.096100 0.000000 0.180403 0.066072 0.071111 0 1
0.000000 0.342225 0.429992 0.096100 0.003925 0.453765 0.000022 0.002500 0 1
0.169550 0.819025 0.474067 0.044100 0.051506 0.286249 0.047050 0.250000 1 0
0.055363 0.245025 0.388068 0.022500 0.003634 0.119545 0.003833 0.000000 0 1
0.003460 0.198025 0.292664 0.052900 0.012346 0.175375 0.001444 0.000000 0 1
0.003460 0.308025 0.496909 0.036100 0.000000 0.201228 0.000770 0.001111 0 1
0.055363 0.497025 0.367911 0.000000 0.000000 0.169189 0.005024 0.100278 0 1
0.346020 0.648025 0.310669 0.052900 0.024345 0.144423 0.011213 0.187777 1 0
0.055363 0.336400 0.348294 0.014400 0.010575 0.108477 0.027024 0.071111 0 1
0.003460 0.336400 0.329212 0.078400 0.000000 0.166746 0.002894 0.000000 0 1
0.086505 0.372100 0.496909 0.000000 0.000000 0.267433 0.008194 0.040000 0 1
0.003460 0.207025 0.275195 0.057600 0.000000 0.189374 0.002369 0.000000 0 1
0.013841 0.250000 0.275195 0.052900 0.000000 0.195915 0.015333 0.000000 0 1
0.013841 0.360000 0.195915 0.000000 0.000000 0.159524 0.025913 0.010000 0 1
0.013841 0.504100 0.451760 0.032400 0.005723 0.135503 0.085049 0.000000 0 1
0.086505 0.336400 0.367911 0.000000 0.000000 0.145558 0.002758 0.022500 0 1
0.086505 0.384400 0.367911 0.000000 0.000000 0.256751 0.003676 0.080278 1 0
0.221453 0.774400 0.544209 0.115600 0.125748 0.252240 0.027588 0.380278 1 0
0.000000 0.260100 0.377922 0.052900 0.000000 0.000000 0.044492 0.000000 0 1
0.003460 0.291600 0.520290 0.036100 0.000000 0.163115 0.018903 0.002500 0 1
0.003460 0.819025 0.408761 0.176400 0.119949 0.355365 0.253858 0.000278 1 0
0.000000 0.275625 0.474067 0.000000 0.000000 0.172887 0.080141 0.466944 1 0
0.221453 0.105625 0.348294 0.052900 0.000000 0.227434 0.049678 0.122500 0 1
0.000000 0.384400 0.329212 0.040000 0.000000 0.166746 0.005647 0.062500 1 0
0.003460 0.180625 0.292664 0.084100 0.000000 0.157151 0.013588 0.027778 0 1
0.000000 0.980100 0.292664 0.102400 0.104896 0.378839 0.032776 0.013611 1 0
0.221453 0.600625 0.258264 0.067600 0.342349 0.256751 0.039421 0.173611 1 0
0.031142 0.230400 0.408761 0.152100 0.000000 0.309010 0.004667 0.100278 0 1
0.584775 0.396900 0.544209 0.000000 0.000000 0.418345 0.046495 0.122500 1 0
0.013841 0.168100 0.181672 0.048400 0.018478 0.180403 0.479062 0.004444 0 1
0.086505 0.193600 0.292664 0.044100 0.000739 0.132231 0.012707 0.022500 0 1
0.003460 0.189225 0.408761 0.072900 0.001431 0.265893 0.000096 0.000278 0 1
0.003460 0.555025 0.310669 0.084100 0.022535 0.190674 0.013389 0.122500 1 0
0.013841 0.970225 0.329212 0.980100 0.000000 0.267433 0.045034 0.466944 1 0
0.055363 0.390625 0.329212 0.032400 0.020796 0.185502 0.207177 0.160000 1 0
0.031142 0.168100 0.329212 0.000000 0.000000 0.098883 0.017634 0.004444 0 1
0.013841 0.308025 0.241870 0.000000 0.000000 0.152461 0.012803 0.001111 0 1
0.280277 0.360000 0.348294 0.048400 0.004382 0.096091 0.078218 0.202500 0 1
0.055363 0.435600 0.000000 0.000000 0.000000 0.240407 0.009148 0.001111 1 0
0.221453 0.883600 0.408761 0.000000 0.000000 0.509596 0.000635 0.134445 1 0
0.013841 0.140625 0.275195 0.057600 0.004227 0.195915 0.015545 0.040000 0 1
0.000000 0.819025 0.520290 0.193600 0.363412 0.416420 0.003781 0.006944 1 0
0.000000 0.260100 0.408761 0.160000 0.011317 0.264358 0.004667 0.002500 0 1
0.221453 0.442225 0.348294 0.000000 0.000000 0.240407 0.006721 0.090000 1 0
0.003460 0.245025 0.348294 0.090000 0.000453 0.330925 0.020338 0.000000 0 1
0.000000 0.207025 0.429992 0.000000 0.000000 0.233155 0.049869 0.010000 0 1
0.124567 0.324900 0.000000 0.000000 0.000000 0.000000 0.002246 0.006944 0 1
0.013841 0.225625 0.195915 0.019600 0.010820 0.151299 0.081842 0.000278 0 1
0.031142 0.435600 0.429992 0.000000 0.000000 0.262828 0.019139 0.146944 1 0
0.678200 0.250000 0.408761 0.062500 0.047304 0.297521 0.020338 0.173611 1 0
0.169550 0.792100 0.474067 0.000000 0.000000 0.353591 0.011670 0.111111 1 0
0.031142 0.245025 0.258264 0.036100 0.007651 0.105552 0.007366 0.006944 0 1
0.031142 0.308025 0.544209 0.014400 0.008501 0.179140 0.031703 0.017778 0 1
0.086505 0.409600 0.429992 0.000000 0.000000 0.265893 0.000794 0.160000 0 1
0.000000 0.390625 0.619188 0.000000 0.000000 0.112440 0.006173 0.000000 0 1
0.221453 0.291600 0.329212 0.000000 0.000000 0.206611 0.140225 0.040000 1 0
0.031142 0.286225 0.258264 0.016900 0.003219 0.116473 0.065634 0.001111 1 0
0.086505 0.336400 0.367911 0.084100 0.000000 0.231718 0.061755 0.054444 1 0
0.169550 0.632025 0.292664 0.000000 0.000000 0.205259 0.016960 0.062500 1 0
0.031142 0.497025 0.000000 0.000000 0.000000 0.199893 0.085049 0.010000 1 0
0.000000 0.748225 0.408761 0.102400 0.098119 0.480243 0.213048 0.380278 0 1
0.000000 0.656100 0.388068 0.129600 0.000000 0.546409 0.014913 0.006944 1 0
0.000000 0.384400 0.210696 0.016900 0.015404 0.105552 0.025502 0.000000 0 1
0.055363 0.342225 0.275195 0.072900 0.020120 0.244811 0.004212 0.002500 0 1
0.013841 0.372100 0.329212 0.072900 0.000000 0.300781 0.012515 0.010000 0 1
0.003460 0.313600 0.429992 0.202500 0.024345 0.268976 0.003523 0.002500 0 1
0.221453 0.864900 0.544209 0.122500 0.070733 0.264358 0.021700 0.071111 1 0
0.003460 0.354025 0.520290 0.168100 0.040379 0.455776 0.033554 0.006944 0 1
0.498269 0.570025 0.329212 0.160000 0.102612 0.388068 0.080382 0.080278 1 0
0.000000 0.260100 0.181672 0.000000 0.000000 0.139928 0.000000 0.000000 0 1
0.055363 0.225625 0.329212 0.102400 0.000000 0.228857 0.051989 0.002500 0 1
0.000000 0.680625 0.544209 0.108900 0.646067 0.607517 0.022206 0.001111 0 1
0.000000 0.225625 0.485420 0.062500 0.001811 0.310669 0.005207 0.002500 1 0
0.124567 0.680625 0.310669 0.067600 0.039435 0.250746 0.055754 0.217778 0 1
0.013841 0.202500 0.310669 0.176400 0.000000 0.324102 0.032931 0.010000 1 0
0.346020 0.140625 0.451760 0.000000 0.000000 0.246288 0.006240 0.080278 0 1
0.031142 0.483025 0.195915 0.000000 0.000000 0.145558 0.019139 0.000278 1 0
0.124567 0.211600 0.258264 0.102400 0.022182 0.227434 0.000009 0.173611 0 1
0.124567 0.265225 0.348294 0.102400 0.050439 0.315673 0.011033 0.321111 0 1
0.000000 0.348100 0.474067 0.220900 0.073912 0.465892 0.040789 0.027778 1 0
0.280277 0.608400 0.496909 0.078400 0.033568 0.261302 0.225037 0.122500 1 0
0.003460 0.126025 0.154797 0.032400 0.008070 0.092431 0.010943 0.000278 0 1
0.055363 0.180625 0.226015 0.048400 0.003355 0.171650 0.009478 0.013611 0 1
0.169550 0.286225 0.367911 0.000000 0.000000 0.194598 0.005647 0.027778 1 0
0.000000 0.577600 0.451760 0.152100 0.103371 0.382518 0.006721 0.010000 0 1
0.003460 0.354025 0.195915 0.016900 0.003493 0.110450 0.002941 0.002500 0 1
0.221453 0.396900 0.520290 0.129600 0.016297 0.329212 0.013389 0.217778 0 1
0.346020 0.442225 0.310669 0.000000 0.000000 0.161914 0.005085 0.062500 0 1
0.124567 0.902500 0.568664 0.000000 0.000000 0.279906 0.007293 0.562500 1 0
0.003460 0.372100 0.544209 0.260100 0.067624 0.548616 0.011123 0.027778 1 0
0.031142 0.624100 0.329212 0.090000 0.150317 0.279906 0.012900 0.054444 1 0
0.003460 0.198025 0.388068 0.115600 0.001913 0.216205 0.002369 0.001111 0 1
0.000000 0.133225 0.000000 0.000000 0.000000 0.098883 0.012707 0.004444 0 1
0.000000 0.255025 0.283862 0.078400 0.000000 0.134408 0.004609 0.000278 0 1
0.055363 0.540225 0.367911 0.062500 0.119949 0.270524 0.017183 0.022500 0 1
0.169550 0.096100 0.408761 0.000000 0.000000 0.236042 0.017861 0.111111 0 1
0.221453 0.396900 0.367911 0.144400 0.007859 0.148989 0.001286 0.090000 0 1
0.086505 0.308025 0.348294 0.078400 0.000000 0.126868 0.019734 0.010000 0 1
0.013841 0.115600 0.329212 0.102400 0.006086 0.138814 0.002166 0.004444 0 1
0.000000 0.810000 0.408761 0.396900 0.000274 0.783660 1.000000 0.004444 1 0
0.086505 0.422500 0.451760 0.000000 0.000000 0.339553 0.140545 0.071111 1 0
0.000000 0.348100 0.275195 0.052900 0.011067 0.000000 0.498164 0.000000 0 1
0.003460 0.250000 0.292664 0.084100 0.053675 0.227434 0.024423 0.122500 0 1
0.003460 0.211600 0.258264 0.062500 0.002349 0.084455 0.029757 0.004444 0 1
0.003460 0.280900 0.388068 0.000000 0.000000 0.312332 0.002582 0.006944 0 1
0.169550 0.354025 0.000000 0.000000 0.000000 0.141045 0.003129 0.071111 0 1
0.221453 0.313600 0.348294 0.000000 0.000000 0.123703 0.105861 0.380278 0 1
0.000000 0.360000 0.367911 0.032400 0.005545 0.206611 0.007812 0.006944 0 1
0.055363 0.469225 0.474067 0.000000 0.000000 0.216205 0.005520 0.022500 0 1
0.000000 0.476100 0.000000 0.000000 0.000000 0.292664 0.133278 0.004444 1 0
0.003460 0.384400 0.241870 0.102400 0.000000 0.284656 0.034658 0.000000 0 1
0.003460 0.540225 0.593658 0.168100 0.000000 0.539819 0.014294 0.010000 1 0
0.055363 0.390625 0.429992 0.000000 0.000000 0.231718 0.038243 0.010000 1 0
0.013841 0.342225 0.544209 0.036100 0.007043 0.141045 0.010069 0.000000 0 1
0.003460 0.255025 0.167966 0.022500 0.001811 0.130073 0.036591 0.006944 0 1
0.418685 0.360000 0.429992 0.136900 0.031437 0.397407 0.091131 0.202500 1 0
0.055363 0.462400 0.329212 0.000000 0.000000 0.216205 0.222210 0.000278 1 0
0.013841 0.532900 0.388068 0.122500 0.052585 0.324102 0.011486 0.017778 0 1
0.003460 0.319225 0.275195 0.122500 0.000000 0.250746 0.039421 0.000000 1 0
0.169550 0.164025 0.408761 0.160000 0.003219 0.484383 0.006106 0.122500 0 1
0.000000 0.240100 0.451760 0.022500 0.009859 0.141045 0.008905 0.000278 0 1
0.013841 0.624100 0.544209 0.000000 0.000000 0.221784 0.096359 0.562500 1 0
0.418685 0.308025 0.474067 0.160000 0.000000 0.486459 0.130796 0.160000 1 0
0.000000 0.354025 0.000000 0.000000 0.000000 0.233155 0.000724 0.002500 1 0
0.221453 0.592900 0.408761 0.102400 0.000000 0.233155 0.024289 0.160000 1 0
0.013841 0.176400 0.000000 0.000000 0.000000 0.000000 0.009312 0.000000 0 1
0.000000 0.469225 0.107498 0.122500 0.039435 0.412581 0.890453 0.040000 1 0
0.031142 0.260100 0.367911 0.000000 0.000000 0.193285 0.000337 0.033611 0 1
0.031142 0.176400 0.310669 0.090000 0.015699 0.226015 0.047980 0.004444 0 1
0.000000 0.783225 0.241870 0.084100 0.319239 0.265893 0.180136 0.000000 1 0
0.031142 0.250000 0.310669 0.052900 0.009167 0.221784 0.138313 0.013611 0 1
0.003460 0.476100 0.451760 0.000000 0.000000 0.357144 0.004551 0.013611 0 1
0.013841 0.483025 0.377922 0.000000 0.000000 0.145558 0.001444 0.017778 0 1
0.000000 0.429025 0.292664 0.160000 0.000000 0.261302 0.002539 0.000278 1 0
0.221453 0.245025 0.474067 0.000000 0.000000 0.278331 0.017520 0.233611 0 1
0.169550 0.442225 0.520290 0.022500 0.033568 0.233155 0.006173 0.071111 0 1
0.124567 0.245025 0.241870 0.036100 0.004074 0.160716 0.032008 0.033611 0 1
0.055363 0.265225 0.241870 0.108900 0.051506 0.127931 0.143765 0.040000 0 1
0.003460 0.184900 0.292664 0.270400 0.005903 0.378839 0.128337 0.017778 0 1
0.031142 0.714025 0.367911 0.036100 0.021831 0.198563 0.006582 0.027778 1 0
0.221453 0.176400 0.367911 0.096100 0.000000 0.325801 0.026188 0.090000 0 1
0.000000 0.184900 0.310669 0.102400 0.000000 0.284656 0.004667 0.004444 0 1
0.031142 0.562500 0.388068 0.000000 0.000000 0.097948 0.003034 0.071111 0 1
0.086505 0.342225 0.568664 0.000000 0.000000 0.258264 0.012230 0.080278 0 1
0.498269 0.193600 0.367911 0.160000 0.004074 0.276760 0.016409 0.202500 0 1
0.086505 0.048400 0.258264 0.000000 0.000000 0.138814 0.047235 0.062500 0 1
0.055363 0.846400 0.408761 0.152100 0.107206 0.304060 0.006307 0.027778 1 0
0.124567 0.940900 0.408761 0.000000 0.000000 0.122657 0.000474 0.401111 1 0
0.498269 0.250000 0.474067 0.108900 0.015404 0.199893 0.030647 0.173611 0 1
0.346020 0.255025 0.496909 0.136900 0.000000 0.461833 0.204079 0.080278 1 0
0.169550 0.275625 0.000000 0.000000 0.000000 0.000000 0.009395 0.002500 0 1
0.280277 0.448900 0.367911 0.108900 0.005030 0.148989 0.026604 1.000000 0 1
0.086505 0.893025 0.275195 0.108900 0.147580 0.216205 0.046495 0.017778 1 0
0.000000 0.270400 0.275195 0.136900 0.005723 0.250746 0.034025 0.000278 1 0
0.280277 0.378225 0.329212 0.193600 0.012346 0.243339 0.015974 0.100278 0 1
0.013841 0.403225 0.226015 0.057600 0.105663 0.170418 0.422334 0.004444 0 1
0.013841 0.532900 0.000000 0.000000 0.000000 0.167966 0.004785 0.013611 1 0
0.124567 0.308025 0.275195 0.152100 0.000000 0.259781 0.006039 0.002500 0 1
0.086505 0.540225 0.408761 0.000000 0.000000 0.252240 0.003573 0.537777 0 1
0.031142 0.931225 0.329212 0.096100 0.000000 0.270524 0.004844 0.004444 1 0
0.169550 0.280900 0.568664 0.032400 0.000000 0.114448 0.004494 0.202500 0 1
0.221453 0.225625 0.348294 0.000000 0.000000 0.300781 0.030201 0.360000 0 1
0.280277 0.722500 0.367911 0.096100 0.000000 0.429992 0.019257 0.134445 1 0
0.003460 0.390625 0.167966 0.160000 0.038967 0.246288 0.142472 0.013611 1 0
0.055363 0.144400 0.258264 0.000000 0.000000 0.256751 0.017861 0.004444 0 1
0.003460 0.286225 0.310669 0.036100 0.000000 0.155972 0.001380 0.002500 0 1
0.003460 0.585225 0.451760 0.176400 0.328657 0.366106 0.067618 0.001111 0 1
0.013841 0.291600 0.429992 0.000000 0.000000 0.161914 0.005973 0.266945 1 0
0.000000 0.216225 0.671862 0.152100 0.007243 0.418345 0.162125 0.054444 0 1
0.003460 0.156025 0.241870 0.176400 0.003219 0.420275 0.065634 0.001111 0 1
0.055363 0.308025 0.348294 0.220900 0.059869 0.305705 0.313830 0.340277 1 0
0.498269 0.280900 0.429992 0.000000 0.000000 0.123703 0.000635 0.146944 0 1
0.013841 0.211600 0.181672 0.000000 0.000000 0.201228 0.000724 0.000278 0 1
0.086505 0.600625 0.474067 0.193600 0.415004 0.332642 0.053361 0.046945 0 1
0.584775 0.270400 0.348294 0.000000 0.000000 0.216205 0.027305 0.080278 1 0
0.124567 0.384400 0.348294 0.000000 0.000000 0.169189 0.015333 0.017778 1 0
0.169550 0.265225 0.292664 0.102400 0.000000 0.339553 0.012900 0.027778 1 0
0.418685 0.462400 0.474067 0.122500 0.023613 0.177881 0.006039 0.122500 1 0
0.003460 0.250000 0.367911 0.014400 0.002956 0.084455 0.000919 0.013611 0 1
0.418685 0.511225 0.593658 0.108900 0.029783 0.297521 0.005647 0.250000 1 0
0.086505 0.874225 0.388068 0.072900 0.059869 0.422209 0.166626 0.284444 1 0
0.086505 0.462400 0.451760 0.000000 0.000000 0.000000 0.057584 0.640000 0 1
0.003460 0.235225 0.292664 0.022500 0.027385 0.119545 0.030498 0.000278 0 1
0.013841 0.330625 0.275195 0.048400 0.000000 0.210696 0.021449 0.000000 0 1
0.086505 0.280900 0.451760 0.090000 0.000000 0.346537 0.007888 0.080278 0 1
0.013841 0.250000 0.310669 0.062500 0.007043 0.329212 0.011033 0.006944 0 1
0.086505 0.540225 0.377922 0.000000 0.000000 0.198563 0.023106 0.013611 0 1
0.124567 0.000000 0.310669 0.168100 0.000000 0.337819 0.076792 0.111111 1 0
0.346020 0.547600 0.474067 0.230400 0.078480 0.314001 0.155321 0.250000 1 0
0.000000 0.342225 0.000000 0.000000 0.000000 0.253740 0.132967 0.146944 0 1
0.013841 0.291600 0.258264 0.102400 0.004382 0.141045 0.000456 0.000000 0 1
0.031142 0.774400 0.496909 0.072900 0.034002 0.246288 0.211081 0.266945 1 0
0.013841 0.518400 0.226015 0.108900 0.025464 0.221784 0.021575 0.004444 1 0
0.055363 0.570025 0.544209 0.144400 0.000000 0.195915 0.008506 0.062500 0 1
0.000000 0.532900 0.451760 0.000000 0.000000 0.364305 0.528756 0.146944 0 1
0.055363 0.324900 0.275195 0.000000 0.000000 0.185502 0.000420 0.002500 0 1
0.031142 0.409600 0.408761 0.000000 0.000000 0.098883 0.006582 0.321111 0 1
0.013841 0.078400 0.210696 0.078400 0.002829 0.130073 0.011762 0.000278 0 1
0.055363 0.416025 0.241870 0.014400 0.074556 0.167966 0.036755 0.027778 0 1
0.003460 0.265225 0.060468 0.144400 0.009625 0.416420 0.002010 0.040000 0 1
0.124567 0.592900 0.408761 0.168100 0.027385 0.472016 0.044312 0.010000 0 1
0.055363 0.416025 0.496909 0.040000 0.101856 0.273634 0.004268 0.001111 0 1
0.003460 0.225625 0.292664 0.016900 0.002018 0.085323 0.011948 0.004444 0 1
0.003460 0.819025 0.275195 0.090000 0.045269 0.258264 0.011395 0.080278 1 0
0.124567 0.342225 0.619188 0.000000 0.000000 0.182944 0.001138 0.022500 0 1
0.003460 0.664225 0.348294 0.000000 0.000000 0.337819 0.238604 0.040000 1 0
0.498269 0.211600 0.258264 0.004900 0.093004 0.169189 0.131105 0.146944 1 0
0.003460 0.164025 0.348294 0.032400 0.002236 0.157151 0.007662 0.002500 0 1
0.031142 0.330625 0.292664 0.152100 0.027385 0.322407 0.000945 0.013611 0 1
0.221453 0.207025 0.451760 0.000000 0.000000 0.281484 0.047235 0.613611 0 1
0.124567 0.211600 0.568664 0.000000 0.000000 0.087955 0.002206 0.013611 0 1
0.003460 0.235225 0.329212 0.022500 0.000000 0.073570 0.000868 0.000000 0 1
0.003460 0.442225 0.699006 0.078400 0.027385 0.238948 0.004437 0.160000 1 0
0.031142 0.810000 0.275195 0.062500 0.006846 0.256751 0.006791 0.006944 0 1
0.031142 0.912025 0.310669 0.022500 0.023613 0.212067 0.008905 0.046945 0 1
0.003460 0.360000 0.429992 0.230400 0.055888 0.336089 0.214232 0.111111 0 1
0.003460 0.348100 0.226015 0.129600 0.012346 0.246288 0.006106 0.001111 0 1
0.418685 0.476100 0.388068 0.000000 0.000000 0.244811 0.021324 0.054444 0 1
0.003460 0.225625 0.451760 0.062500 0.045269 0.272077 0.004380 0.134445 1 0
0.280277 0.846400 0.485420 0.022500 0.000000 0.199893 0.234865 0.217778 1 0
0.000000 0.366025 0.292664 0.090000 0.038039 0.261302 0.002849 0.040000 1 0
0.003460 0.193600 0.408761 0.084100 0.008070 0.227434 0.015017 0.017778 0 1
0.055363 0.429025 0.310669 0.044100 0.038501 0.243339 0.001226 0.013611 0 1
0.003460 0.366025 0.408761 0.152100 0.007651 0.337819 0.006106 0.013611 0 1
0.086505 0.313600 0.292664 0.000000 0.000000 0.317350 0.006106 0.111111 1 0

