9 2
-0.86 -0.70 -0.74 -0.63 -0.55 -0.71 -0.59 -0.61 -0.34 1 0 
-0.86 -0.70 -0.74 -0.63 -0.55 -0.71 -0.18 -0.61 -0.34 1 0 
0.21 -0.70 -0.74 -0.63 -0.55 -0.71 -0.59 -0.61 -0.34 1 0 
0.21 0.28 0.94 1.82 0.35 -0.71 1.87 2.34 -0.34 0 1 
0.21 -0.04 -0.07 -0.63 -0.55 -0.71 -0.59 -0.61 -0.34 1 0 
-0.86 -0.04 -0.74 -0.63 -0.10 -0.71 -1.00 -0.61 -0.34 1 0 
-0.50 0.61 1.28 1.82 2.16 1.51 1.46 2.34 3.15 0 1 
1.98 0.61 0.94 2.52 1.26 1.79 1.46 1.35 4.90 0 1 
1.98 1.92 1.61 1.47 1.26 0.13 1.46 2.34 0.82 0 1 
-0.15 -0.70 -0.74 -0.63 -0.55 -0.71 -0.18 -0.61 -0.34 1 0 
0.21 -0.70 -0.74 -0.63 -0.55 -0.71 -0.18 -0.61 -0.34 1 0 
1.27 2.25 2.29 -0.63 -0.10 0.68 -0.18 2.01 -0.34 0 1 
-1.21 -0.70 -0.07 -0.63 -0.55 -0.71 -0.59 -0.61 -0.34 1 0 
-1.21 -0.70 -0.74 -0.28 -1.00 -0.71 -1.00 -0.61 -0.34 1 0 
-0.50 0.28 0.60 -0.28 1.26 1.24 0.23 -0.61 -0.34 0 1 
-0.15 -0.04 -0.07 -0.63 -0.55 -0.71 -0.18 0.04 -0.34 1 0 
-0.50 -0.04 -0.41 -0.63 -0.10 -0.71 -0.18 1.03 -0.34 1 0 
-0.86 -0.70 -0.74 -0.63 -0.55 -0.71 -1.00 -0.61 -0.34 1 0 
-1.21 -0.70 -0.74 -0.63 -0.55 -0.71 -0.59 -0.61 -0.34 1 0 
-1.21 -0.70 -0.74 -0.63 -0.55 -0.71 -1.00 -0.61 -0.34 1 0 
1.27 2.25 2.29 2.52 0.81 1.79 1.87 2.34 2.57 0 1 
1.27 1.27 0.27 0.42 0.81 -0.15 0.64 2.34 -0.34 0 1 
-1.21 -0.70 -0.74 -0.63 -1.00 -0.71 -0.59 -0.61 -0.34 1 0 
-0.86 -0.70 -0.74 -0.63 -0.55 -0.71 -1.00 -0.61 -0.34 1 0 
1.98 1.59 1.61 0.42 3.06 1.79 1.87 -0.61 -0.34 0 1 
0.21 -0.70 -0.74 -0.28 -0.55 -0.71 -0.59 -0.61 -0.34 1 0 
-0.50 -0.70 -0.74 -0.63 -0.55 -0.71 -0.59 -0.61 0.24 1 0 
-0.50 -0.70 -0.74 -0.63 -0.55 -0.71 -0.18 -0.61 -0.34 1 0 
0.21 -0.04 -0.07 0.07 1.26 1.79 -0.18 -0.61 -0.34 0 1 
-0.15 1.59 0.94 0.07 0.35 1.79 1.46 -0.61 -0.34 0 1 
-0.15 -0.04 -0.41 -0.63 -0.10 -0.71 -0.59 -0.61 -0.34 1 0 
-1.21 -0.70 -0.74 -0.63 -0.55 -0.71 -1.00 -0.61 -0.34 1 0 
1.27 0.61 0.60 0.77 -0.55 1.79 0.23 0.04 -0.34 0 1 
-0.50 -0.04 0.60 -0.28 -0.10 1.79 1.46 -0.61 -0.34 0 1 
-0.86 -0.04 -0.74 -0.63 -0.55 -0.71 -0.59 -0.61 -0.34 1 0 
-0.50 -0.70 -0.74 -0.63 -0.55 0.40 -1.00 -0.61 -0.34 1 0 
-0.50 -0.37 -0.74 -0.63 -0.55 -0.43 -0.18 -0.61 -0.34 1 0 
-0.86 1.27 2.29 2.52 1.71 1.79 0.23 2.01 1.41 0 1 
-1.21 -0.70 -0.41 -0.63 -0.55 -0.71 -0.59 -0.61 -0.34 1 0 
-1.21 -0.70 -0.74 -0.63 -1.00 -0.71 -0.59 -0.61 -0.34 1 0 
0.21 2.25 2.29 2.52 3.06 -0.43 2.69 2.34 4.90 0 1 
-0.15 -0.70 -0.41 -0.63 -0.55 -0.71 -0.59 -0.61 -0.34 1 0 
-1.21 -0.70 -0.74 -0.63 -0.55 -0.71 -1.00 -0.61 -0.34 1 0 
0.21 -0.70 -0.74 -0.63 -0.55 -0.71 -0.59 -0.61 -0.34 1 0 
-0.50 1.27 1.28 0.42 0.35 1.51 0.23 1.68 -0.34 0 1 
-1.21 -0.70 -0.74 -0.63 -1.00 -0.71 -0.18 -0.61 -0.34 1 0 
-0.15 -0.70 -0.74 -0.63 -0.55 -0.71 -0.59 -0.61 -0.34 1 0 
0.56 1.59 1.28 0.77 1.26 1.24 1.87 2.01 0.24 0 1 
1.98 1.27 1.28 0.42 0.81 1.79 0.64 1.35 0.24 0 1 
-1.21 -0.70 -0.74 -0.63 -0.55 -0.71 -1.00 -0.61 -0.34 1 0 
1.27 2.25 0.27 0.42 2.16 1.79 1.87 -0.28 -0.34 0 1 
-1.21 -0.70 -0.74 -0.63 -0.55 -0.71 -0.59 -0.61 -0.34 1 0 
-1.21 -0.70 -0.74 -0.63 -0.55 -0.71 -1.00 -0.61 3.74 1 0 
0.21 -0.70 -0.74 -0.63 -0.55 -0.71 -1.00 -0.61 -0.34 1 0 
-1.21 -0.70 0.27 -0.63 -0.55 -0.71 -0.59 -0.61 -0.34 1 0 
0.21 -0.70 -0.74 -0.63 -0.55 -0.71 -0.59 -0.61 -0.34 1 0 
-0.50 -0.70 -0.74 -0.63 -0.55 -0.71 -0.59 -0.61 -0.34 1 0 
-1.21 -0.70 -0.74 -0.63 -0.55 -0.71 -0.59 -0.61 -0.34 1 0 
-1.21 -0.70 -0.74 -0.63 -1.00 -0.01 -1.00 -0.61 -0.34 1 0 
1.27 2.25 2.29 1.82 1.71 1.79 2.28 1.35 -0.34 0 1 
1.98 0.61 1.61 2.52 -0.10 1.79 0.64 -0.61 0.82 0 1 
1.98 2.25 2.29 -0.28 3.06 1.79 0.64 0.04 0.82 0 1 
1.98 1.59 1.61 -0.28 2.16 1.79 0.23 1.68 4.90 0 1 
1.98 0.61 0.60 0.07 1.26 0.96 1.46 2.34 -0.34 0 1 
-1.21 -0.70 -0.74 -0.63 -0.55 -0.71 -0.59 -0.61 -0.34 1 0 
-0.86 -0.70 -0.74 -0.28 -0.55 -0.71 -1.00 -0.61 -0.34 1 0 
-1.21 -0.70 -0.41 -0.28 -0.55 -0.71 -0.18 -0.61 -0.34 1 0 
0.21 -0.70 -0.74 -0.63 -0.55 -0.71 -0.18 -0.61 -0.34 1 0 
0.21 -0.70 -0.74 -0.63 -0.55 -0.01 -0.18 -0.61 -0.34 1 0 
-0.15 -0.37 -0.07 0.77 -0.10 1.24 1.46 1.03 -0.34 0 1 
-0.86 -0.70 -0.74 -0.63 -1.00 -0.71 -1.00 -0.61 -0.34 1 0 
1.98 2.25 2.29 2.52 1.26 1.79 1.87 -0.61 1.99 0 1 
1.27 0.94 0.60 0.42 -0.10 1.79 1.05 -0.61 -0.34 0 1 
-0.15 -0.70 -0.74 -0.63 -0.55 -0.43 -0.18 -0.28 -0.34 1 0 
0.21 -0.70 -0.74 1.12 -0.10 -0.71 -1.00 -0.61 -0.34 1 0 
-1.21 -0.70 -0.74 -0.63 -0.55 -0.71 -0.59 -0.61 -0.34 1 0 
-0.50 -0.70 -0.74 -0.63 -0.55 -0.71 -0.59 -0.61 -0.34 1 0 
-0.50 -0.70 -0.74 -0.63 -0.55 -0.71 -0.59 -0.61 -0.34 1 0 
-0.50 -0.70 -0.74 -0.63 -1.00 -0.71 -1.00 -0.61 -0.34 1 0 
0.21 -0.70 -0.07 -0.63 -0.55 -0.71 -0.59 -0.61 -0.34 1 0 
-0.50 0.28 0.27 2.52 0.81 -0.71 -0.18 0.04 -0.34 0 1 
-1.21 -0.70 -0.74 -0.63 -0.55 -0.71 -1.00 -0.61 -0.34 1 0 
0.92 1.59 1.28 -0.28 0.35 1.24 -0.18 1.68 0.24 0 1 
1.98 0.61 1.28 0.07 -0.10 0.96 -0.18 0.04 3.74 0 1 
-1.21 -0.70 -0.74 -0.63 -0.55 -0.71 -0.59 -0.61 -0.34 1 0 
-0.86 0.61 1.28 1.12 0.35 1.79 1.46 1.03 -0.34 0 1 
1.63 1.59 1.61 0.77 1.26 -0.43 0.23 2.34 1.41 0 1 
0.21 2.25 2.29 2.52 0.35 1.79 0.64 1.03 0.82 0 1 
-0.50 -0.70 -0.74 -0.63 -0.55 -0.71 -0.18 -0.61 -0.34 1 0 
-1.21 -0.70 -0.74 -0.63 -0.55 -0.71 -1.00 -0.61 -0.34 1 0 
0.21 0.61 0.60 1.82 3.06 1.24 1.46 0.04 3.15 0 1 
-1.21 -0.70 -0.74 -0.63 -0.55 -0.71 -1.00 -0.61 -0.34 1 0 
-0.15 -0.70 -0.74 -0.63 -0.55 -0.71 -1.00 -0.61 -0.34 1 0 
-0.86 -0.70 -0.74 -0.63 -0.55 -0.71 -0.18 -0.61 -0.34 1 0 
-1.21 -0.37 -0.41 -0.63 -0.55 -0.71 -0.59 -0.61 -0.34 1 0 
-0.15 -0.04 -0.74 -0.63 -0.55 -0.71 0.23 1.68 -0.34 1 0 
-0.50 -0.04 -0.41 1.12 -0.10 -0.15 -0.18 0.70 -0.34 1 0 
-0.50 2.25 1.61 1.47 1.26 1.51 2.28 0.04 3.74 0 1 
1.27 -0.04 0.27 2.17 -0.10 1.79 -0.18 0.04 -0.34 0 1 
1.98 1.59 0.27 0.42 0.35 1.79 -0.18 2.34 1.41 0 1 
-1.21 -0.70 -0.74 -0.63 -0.55 -0.71 -1.00 -0.61 -0.34 1 0 
1.27 0.28 0.94 0.07 -0.10 -0.71 0.23 0.04 -0.34 1 0 
0.21 0.94 0.94 1.82 1.26 1.79 0.23 2.34 1.41 0 1 
-1.21 -0.70 -0.74 -0.63 -0.55 -0.71 -0.18 -0.61 -0.34 1 0 
-1.21 -0.70 -0.74 -0.28 -0.55 -0.71 -0.59 -0.61 -0.34 1 0 
-1.21 -0.70 -0.74 -0.63 -0.55 -0.43 -0.59 -0.61 -0.34 1 0 
0.21 -0.70 -0.07 -0.63 -0.55 -0.71 -1.00 -0.61 -0.34 1 0 
1.27 -0.04 0.60 0.42 0.81 1.79 -1.00 1.03 0.24 0 1 
0.21 2.25 2.29 0.07 2.16 -0.71 0.64 2.34 0.82 0 1 
1.98 2.25 2.29 1.47 3.06 1.79 1.87 -0.28 -0.34 0 1 
-0.15 -0.37 -0.41 -0.63 -0.55 -0.71 -0.59 -0.61 -0.34 1 0 
-0.86 -0.04 -0.74 -0.63 0.81 -0.71 -1.00 -0.61 -0.34 1 0 
0.21 -0.37 -0.41 -0.28 -0.55 -0.71 -1.00 -0.61 0.24 1 0 
-0.15 -0.70 -0.74 -0.63 -0.55 -0.71 -1.00 -0.61 -0.34 1 0 
0.21 -0.70 -0.74 -0.63 -0.55 -0.43 -0.59 -0.61 -0.34 1 0 
-0.50 2.25 1.28 1.82 0.81 1.24 1.46 0.37 -0.34 0 1 
-0.50 -0.70 -0.74 -0.63 -0.55 -0.71 -1.00 -0.61 -0.34 1 0 
0.21 0.28 0.60 -0.63 2.16 -0.71 -0.18 1.03 -0.34 1 0 
0.21 -0.70 -0.74 -0.63 -1.00 -0.71 -0.18 -0.61 -0.34 1 0 
0.21 -0.70 -0.74 -0.63 -0.55 -0.71 -0.59 -0.61 -0.34 1 0 
0.21 2.25 0.94 -0.63 3.06 0.13 0.23 2.34 4.90 0 1 
0.21 -0.70 -0.74 -0.63 -0.10 -0.43 -0.59 -0.28 -0.34 1 0 
1.27 0.28 0.27 -0.63 -0.55 1.51 -0.18 0.04 -0.34 0 1 
0.21 -0.70 -0.74 -0.63 -0.55 -0.71 -0.18 -0.61 0.24 1 0 
-0.15 1.59 1.61 0.77 0.35 0.40 2.69 0.37 -0.34 0 1 
1.63 -0.70 -0.41 1.12 0.35 1.79 1.46 1.35 0.24 0 1 
1.27 0.61 0.94 -0.28 -0.10 1.79 1.05 1.03 -0.34 0 1 
-1.21 -0.70 -0.74 -0.63 -1.00 -0.71 -0.18 -0.61 -0.34 1 0 
-0.50 -0.70 -0.74 -0.63 -0.55 -0.15 -0.18 -0.61 -0.34 1 0 
-0.15 2.25 1.61 0.77 0.35 -0.71 2.69 -0.61 -0.34 0 1 
-0.86 -0.70 -0.74 -0.63 -0.55 -0.71 -0.18 -0.61 -0.34 1 0 
0.21 -0.70 -0.07 -0.63 -0.55 -0.71 -0.18 -0.61 -0.34 1 0 
1.98 -0.04 0.60 -0.63 3.06 0.40 -0.18 2.34 0.24 0 1 
-0.15 0.94 0.60 1.12 1.71 -0.01 0.23 2.01 -0.34 1 0 
-0.50 -0.70 -0.74 -0.28 -0.10 0.13 -1.00 -0.61 -0.34 1 0 
0.21 -0.37 -0.41 -0.28 -0.55 -0.71 -0.59 -0.28 -0.34 1 0 
0.21 0.61 0.60 1.12 -0.10 1.79 -0.18 -0.61 -0.34 0 1 
0.21 0.94 1.28 1.82 2.16 1.79 -0.18 2.34 0.82 0 1 
0.56 2.25 2.29 2.52 2.16 1.79 2.69 2.34 3.15 0 1 
-0.15 -0.37 -0.41 -0.63 -0.55 -0.71 -0.59 -0.61 -0.34 1 0 
-0.50 -0.37 -0.41 -0.28 -0.55 -0.71 0.23 -0.28 -0.34 1 0 
0.21 -0.70 -0.74 1.12 -0.10 -0.71 -0.59 -0.61 -0.34 1 0 
0.92 1.59 -0.07 1.47 0.35 0.40 1.46 1.68 0.24 0 1 
-1.21 -0.70 -0.74 -0.63 -0.55 -0.71 -0.59 -0.61 0.24 1 0 
1.27 0.28 0.27 0.77 0.35 0.96 1.46 1.68 0.24 1 0 
0.21 0.94 0.60 1.12 3.06 -0.71 -0.18 -0.61 -0.34 0 1 
0.92 1.92 0.27 2.52 3.06 -0.15 0.64 0.04 0.82 0 1 
-0.50 -0.04 -0.41 -0.28 -0.10 -0.71 -1.00 -0.28 0.82 1 0 
-0.86 -0.70 -0.74 -0.63 -0.55 -0.71 -1.00 -0.61 -0.34 1 0 
-0.50 -0.70 -0.74 -0.63 -0.55 -0.71 -0.18 -0.61 -0.34 1 0 
-0.86 -0.70 -0.74 -0.63 -0.55 -0.71 -1.00 -0.61 -0.34 1 0 
0.21 -0.70 -0.74 -0.63 -0.55 -0.71 -1.00 -0.61 -0.34 1 0 
0.21 -0.70 -0.74 -0.63 -0.55 -0.71 -0.18 -0.28 -0.34 1 0 
0.21 2.25 1.61 2.52 2.16 1.79 -0.18 1.03 0.82 0 1 
0.21 -0.70 -0.74 -0.63 -0.55 -0.71 -1.00 -0.61 -0.34 1 0 
-0.15 -0.70 -0.74 -0.63 -0.55 -0.71 -0.59 -0.61 -0.34 1 0 
-0.15 -0.70 -0.74 -0.63 -0.55 -0.71 -0.59 -0.61 -0.34 1 0 
1.27 1.27 1.61 0.77 3.06 1.79 1.46 -0.28 -0.34 0 1 
-1.21 -0.70 -0.74 -0.63 -1.00 -0.01 -0.59 -0.61 -0.34 1 0 
-1.21 -0.70 -0.74 -0.63 -0.55 -0.71 -0.59 0.04 -0.34 1 0 
-0.86 -0.70 -0.74 -0.63 -0.55 -0.71 -1.00 -0.61 -0.34 1 0 
0.21 -0.70 -0.74 -0.28 -0.55 -0.43 -0.18 -0.61 -0.34 1 0 
-0.50 -0.70 -0.74 0.07 2.16 -0.71 0.64 1.68 -0.34 1 0 
-0.86 -0.70 -0.74 -0.63 -0.55 -0.71 -0.59 -0.61 -0.34 1 0 
0.92 0.94 -0.07 -0.28 0.81 1.79 1.46 0.37 2.57 0 1 
-0.15 2.25 0.27 1.47 -0.10 1.79 2.28 2.34 -0.34 0 1 
-1.21 -0.70 -0.74 -0.63 -0.55 -0.71 -0.18 -0.61 -0.34 1 0 
-1.21 -0.70 -0.74 -0.63 -0.55 -0.71 -1.00 -0.61 -0.34 1 0 
-1.21 -0.70 -0.74 -0.63 3.06 -0.71 -1.00 -0.61 -0.34 1 0 
-0.15 -0.70 -0.74 -0.63 -0.55 -0.71 -0.18 -0.61 -0.34 1 0 
0.21 -0.04 0.27 -0.63 0.35 -0.71 -0.18 -0.61 -0.34 1 0 
1.98 0.61 0.60 1.12 2.16 1.24 1.46 -0.61 -0.34 0 1 
1.98 2.25 2.29 0.42 2.16 -0.71 1.87 2.34 -0.34 0 1 
1.27 2.25 2.29 2.52 1.26 1.79 2.69 2.34 4.90 0 1 
-0.50 -0.70 -0.74 -0.63 -0.55 -0.71 -1.00 -0.61 -0.34 1 0 
0.56 2.25 0.60 0.77 0.35 1.79 1.05 2.34 -0.34 0 1 
1.27 -0.04 1.61 0.07 0.35 1.51 1.87 2.01 3.74 0 1 
-0.50 -0.70 -0.74 -0.63 -0.55 -0.71 -0.59 -0.61 -0.34 1 0 
1.98 0.28 -0.07 -0.63 -0.10 -0.15 1.05 0.70 0.24 0 1 
-0.50 -0.70 -0.74 -0.63 -0.55 -0.43 -0.18 -0.61 -0.34 1 0 
-0.50 -0.70 -0.07 -0.63 -0.10 0.13 -1.00 -0.61 -0.34 1 0 
-0.86 -0.70 -0.74 -0.63 -0.55 -0.71 -1.00 -0.61 1.99 1 0 
1.27 -0.37 -0.74 -0.63 0.81 -0.71 -1.00 -0.61 -0.34 1 0 
-0.15 -0.70 -0.74 -0.63 -0.55 -0.71 -0.59 -0.61 -0.34 1 0 
1.98 -0.04 0.60 0.42 -0.10 0.96 -0.18 0.70 0.82 0 1 
-1.21 -0.70 -0.74 -0.63 -0.55 -0.71 -1.00 -0.61 -0.34 1 0 
-1.21 -0.70 -0.74 -0.63 -0.55 1.79 -0.18 -0.61 -0.34 1 0 
-1.21 -0.70 -0.74 -0.63 -0.55 -0.71 -0.59 -0.61 -0.34 1 0 
1.98 0.28 -0.07 -0.28 -0.10 1.79 0.64 0.04 0.24 0 1 
-0.86 0.61 -0.07 0.07 1.26 0.96 1.46 0.70 -0.34 0 1 
-0.50 -0.70 -0.74 -0.63 -0.55 -0.71 -1.00 -0.61 -0.34 1 0 
-0.15 -0.70 -0.74 -0.63 -0.55 -0.71 -0.59 -0.61 -0.34 1 0 
0.56 0.94 1.28 2.52 -0.10 1.79 1.87 2.34 0.24 0 1 
-0.86 -0.70 -0.74 -0.63 -1.00 -0.71 -0.59 -0.61 -0.34 1 0 
-0.50 -0.04 -0.41 -0.63 -0.55 -0.15 -0.18 -0.61 -0.34 1 0 
-0.50 -0.70 -0.74 -0.63 -0.55 -0.71 -0.59 -0.61 -0.34 1 0 
-0.15 0.28 0.27 0.42 1.26 0.40 1.46 0.04 -0.34 1 0 
-0.86 -0.70 -0.74 -0.63 -0.55 -0.71 -1.00 -0.61 -0.34 1 0 
-1.21 -0.70 -0.07 -0.28 -0.55 -0.71 -0.18 -0.61 -0.34 1 0 
0.21 -0.70 -0.41 2.52 0.35 0.40 -0.59 -0.61 -0.34 1 0 
-0.86 -0.70 -0.74 -0.63 -0.55 -0.71 -1.00 -0.61 -0.34 1 0 
-0.15 -0.70 -0.74 -0.63 -0.55 -0.71 -1.00 -0.61 -0.34 1 0 
-0.50 -0.70 0.27 -0.63 -0.55 -0.71 -1.00 -0.61 -0.34 1 0 
-0.50 -0.70 -0.74 -0.63 -0.55 -0.71 -0.59 -0.61 -0.34 1 0 
-1.21 -0.70 -0.07 -0.63 -0.55 -0.71 -1.00 -0.61 -0.34 1 0 
-0.50 -0.70 -0.74 -0.63 -0.55 -0.71 -1.00 -0.61 -0.34 1 0 
-0.50 -0.70 -0.74 -0.63 -0.55 -0.71 -0.18 -0.61 -0.34 1 0 
-0.50 -0.70 -0.41 -0.63 -0.55 -0.71 -0.59 -0.61 -0.34 1 0 
-1.21 -0.70 -0.74 0.07 -0.55 -0.71 -1.00 -0.61 -0.34 1 0 
-0.50 -0.37 -0.41 0.07 -0.55 -0.71 -1.00 -0.61 -0.34 1 0 
0.21 -0.04 -0.07 -0.63 -0.10 -0.15 -0.18 0.04 0.82 0 1 
0.56 0.94 0.94 0.77 0.35 1.79 1.46 1.03 0.24 0 1 
-1.21 -0.70 -0.74 -0.63 0.81 -0.71 -0.18 -0.61 -0.34 1 0 
0.21 1.59 1.61 1.82 0.81 1.79 1.46 1.68 -0.34 0 1 
-1.21 -0.70 -0.74 -0.63 -0.55 -0.71 -0.59 -0.61 -0.34 1 0 
0.21 -0.70 -0.74 -0.63 -0.55 -0.71 -0.59 -0.28 -0.34 1 0 
-0.15 0.61 0.60 2.52 0.35 1.79 1.46 0.70 3.74 0 1 
-0.50 -0.70 -0.74 0.42 -0.10 -0.71 -0.59 -0.28 -0.34 1 0 
1.98 1.59 2.29 2.52 1.26 -0.71 -0.18 -0.61 4.90 0 1 
0.56 -0.37 -0.74 -0.63 -1.00 -0.71 1.46 -0.61 -0.34 1 0 
-1.21 0.94 1.61 2.52 2.16 1.79 0.64 1.35 -0.34 0 1 
-0.15 -0.70 -0.74 -0.63 -0.55 -0.71 -0.18 -0.61 -0.34 1 0 
1.63 0.61 0.60 -0.28 -0.55 -0.43 0.64 -0.61 -0.34 0 1 
-0.50 -0.70 -0.74 -0.63 -1.00 -0.71 -0.59 -0.61 -0.34 1 0 
-0.50 0.94 0.94 1.12 0.81 1.79 1.05 1.68 0.82 0 1 
-0.86 -0.70 -0.74 -0.63 -1.00 -0.71 -0.18 -0.61 -0.34 1 0 
-1.21 -0.70 -0.74 -0.63 -0.55 -0.71 -0.18 -0.61 -0.34 1 0 
1.98 2.25 1.95 0.07 1.71 0.40 -0.18 0.70 -0.34 0 1 
-0.15 -0.70 -0.74 -0.63 -0.55 -0.71 -0.59 -0.61 -0.34 1 0 
-0.50 -0.70 -0.74 -0.63 -0.55 -0.71 -0.59 -0.61 -0.34 1 0 
-1.21 -0.70 -0.74 -0.63 -0.10 -0.71 -1.00 -0.61 -0.34 1 0 
-0.50 -0.70 -0.74 -0.63 -0.55 -0.71 -0.59 0.04 -0.34 1 0 
-1.21 -0.70 -0.74 -0.63 -0.55 -0.71 -0.59 -0.61 -0.34 1 0 
1.98 -0.04 0.27 0.77 -0.10 1.79 0.23 -0.61 -0.34 0 1 
-0.50 -0.70 -0.74 0.07 -0.55 -0.71 -1.00 -0.61 -0.34 1 0 
0.92 0.28 0.27 0.07 0.35 1.79 1.05 2.01 -0.34 0 1 
1.27 1.59 1.61 -0.63 -0.55 -0.01 1.05 2.34 -0.34 0 1 
-1.21 -0.70 -0.74 -0.63 -0.55 -0.71 -0.18 -0.61 -0.34 1 0 
-0.50 -0.70 -0.41 -0.63 -0.55 -0.71 -0.59 -0.61 -0.34 1 0 
0.21 2.25 2.29 2.52 1.26 1.79 1.05 0.70 0.24 0 1 
0.56 1.59 1.28 1.82 1.26 1.24 1.87 2.01 -0.34 0 1 
-0.50 -0.70 -0.74 -0.63 -0.55 -0.71 -0.59 -0.61 -0.34 1 0 
0.56 -0.04 -0.07 0.77 -0.10 1.79 -0.18 0.70 0.82 1 0 
0.21 -0.70 -0.74 -0.63 -0.55 -0.43 -0.18 0.04 -0.34 1 0 
1.27 0.94 1.28 0.07 -0.10 1.79 -0.18 0.37 0.24 0 1 
0.21 -0.04 -0.07 -0.28 -0.10 -0.71 -0.18 -0.61 -0.34 1 0 
-1.21 -0.70 -0.74 -0.63 -0.55 -0.71 -0.59 -0.61 -0.34 1 0 
-1.21 -0.70 -0.74 -0.63 -0.55 -0.71 -0.18 -0.61 -0.34 1 0 
-0.15 -0.70 -0.74 -0.63 -0.55 -0.71 -1.00 -0.61 -0.34 1 0 
-0.86 -0.70 -0.74 -0.63 -0.10 -0.71 -0.59 -0.61 -0.34 1 0 
-1.21 -0.70 -0.07 -0.63 -1.00 -0.71 -0.59 -0.61 -0.34 1 0 
1.27 2.25 1.61 1.82 0.35 1.24 1.46 1.35 -0.34 0 1 
0.92 -0.70 -0.41 0.07 -0.55 -0.71 -0.59 -0.61 -0.34 1 0 
0.21 -0.70 -0.74 -0.63 -0.55 -0.71 -0.59 -0.61 -0.34 1 0 
-1.21 -0.70 -0.74 -0.63 -0.55 -0.71 -0.18 -0.61 -0.34 1 0 
-1.21 -0.70 -0.74 -0.63 -0.55 -0.71 -1.00 -0.61 -0.34 1 0 
-1.21 -0.70 -0.74 -0.63 -1.00 -0.71 -1.00 0.04 -0.34 1 0 
0.56 2.25 2.29 -0.28 2.16 1.79 1.46 0.04 0.82 0 1 
0.21 -0.70 -0.41 -0.63 -0.55 -0.71 -1.00 -0.61 -0.34 1 0 
0.92 0.61 0.94 2.52 0.35 1.79 0.64 0.04 -0.34 0 1 
-0.50 -0.70 -0.74 -0.63 -0.55 -0.01 -0.18 -0.61 -0.34 1 0 
-0.50 -0.70 -0.74 -0.63 -0.55 -0.71 -0.59 -0.61 -0.34 1 0 
0.21 -0.04 0.60 0.77 -0.10 -0.15 0.23 2.34 -0.34 0 1 
-1.21 -0.70 -0.74 -0.63 -0.55 -0.71 -0.59 -0.61 -0.34 1 0 
-0.50 -0.70 -0.74 -0.63 -0.55 -0.71 -0.18 -0.61 -0.34 1 0 
0.21 1.27 1.95 1.82 1.26 1.79 1.87 2.34 -0.34 0 1 
1.98 0.28 -0.41 -0.63 -0.10 -0.43 0.23 0.04 4.90 0 1 
1.27 2.25 2.29 1.82 0.81 1.79 1.46 1.68 -0.34 0 1 
1.27 2.25 -0.07 -0.28 1.26 0.13 -0.18 2.34 -0.34 0 1 
1.98 -0.70 -0.74 -0.63 -0.55 1.79 0.64 0.37 -0.34 0 1 
-0.86 -0.70 -0.74 -0.63 -0.55 -0.71 -0.18 -0.61 -0.34 1 0 
-0.50 0.94 0.27 2.52 -0.10 -0.15 -0.18 0.37 -0.34 0 1 
-0.50 -0.70 -0.74 -0.63 -0.55 -0.43 1.46 -0.61 -0.34 1 0 
-0.50 -0.04 -0.74 -0.63 -0.55 -0.71 -1.00 -0.61 -0.34 1 0 
-0.50 -0.70 -0.74 -0.63 -0.55 -0.71 -1.00 -0.61 -0.34 1 0 
0.92 0.28 1.28 0.42 -0.10 0.96 1.46 1.03 -0.34 0 1 
-1.21 -0.70 -0.74 -0.63 -0.55 -0.71 -1.00 -0.61 -0.34 1 0 
1.63 2.25 2.29 -0.63 3.06 1.24 -0.18 0.04 -0.34 0 1 
1.27 1.27 1.61 1.47 0.81 0.40 0.64 2.34 0.24 0 1 
-0.15 -0.37 0.27 0.07 -0.55 -0.43 -0.59 -0.61 -0.34 1 0 
1.98 0.94 0.27 -0.63 -0.10 0.13 -0.18 -0.28 0.82 0 1 
0.92 0.28 0.94 0.42 1.26 -0.71 0.23 0.04 -0.34 0 1 
-1.21 -0.70 -0.74 -0.63 -1.00 -0.71 -0.18 -0.61 -0.34 1 0 
-1.21 -0.70 -0.74 -0.63 -0.55 -0.71 -0.18 -0.61 -0.34 1 0 
-1.21 -0.70 -0.74 -0.63 -0.55 -0.71 -0.59 -0.61 -0.34 1 0 
0.21 -0.70 -0.07 -0.63 -0.55 -0.71 -0.59 -0.61 -0.34 1 0 
-1.21 -0.70 -0.74 -0.63 -0.55 -0.71 -0.18 -0.61 -0.34 1 0 
1.98 0.28 1.28 -0.28 -0.55 1.24 1.05 -0.61 -0.34 0 1 
0.21 1.27 0.27 -0.63 1.26 -0.71 1.46 2.34 0.82 0 1 
-0.50 -0.70 -0.74 -0.63 -0.55 -0.71 -1.00 -0.61 -0.34 1 0 
0.21 -0.04 0.27 -0.63 2.16 1.79 0.23 2.01 -0.34 0 1 
-1.21 -0.70 -0.74 -0.63 -0.55 -0.71 -1.00 -0.61 -0.34 1 0 
-0.50 -0.70 -0.74 -0.63 -0.55 -0.71 -0.59 -0.61 -0.34 1 0 
0.56 1.92 1.28 0.77 0.81 1.24 0.23 -0.28 -0.34 1 0 
-0.86 -0.70 -0.74 -0.63 -0.55 -0.71 -0.59 -0.28 -0.34 1 0 
1.98 2.25 2.29 2.52 3.06 -0.71 1.87 1.68 3.74 0 1 
-0.50 -0.70 -0.74 -0.63 -0.55 -0.71 -1.00 -0.61 -0.34 1 0 
-0.15 -0.70 -0.41 -0.63 -0.55 -0.71 -0.18 -0.61 -0.34 1 0 
0.21 -0.70 -0.74 -0.63 -0.55 -0.71 -0.59 -0.61 -0.34 1 0 
0.56 2.25 2.29 2.52 3.06 1.79 1.87 2.34 4.90 0 1 
1.98 2.25 1.61 1.12 0.35 0.40 1.87 2.34 -0.34 0 1 
0.21 -0.04 -0.07 0.07 -0.55 -0.15 0.23 0.37 -0.34 0 1 
-1.21 -0.70 -0.07 -0.63 -0.55 -0.71 -1.00 -0.61 -0.34 1 0 
0.21 -0.04 -0.74 -0.28 -0.55 -0.71 -0.59 -0.61 -0.34 1 0 
-1.21 -0.70 -0.07 -0.63 -0.55 -0.01 -0.59 -0.61 -0.34 1 0 
1.98 -0.04 0.94 -0.28 -0.10 0.40 0.23 2.34 0.24 0 1 
0.21 -0.70 -0.74 0.07 -0.55 -0.71 -1.00 -0.61 -0.34 1 0 
-1.21 -0.70 -0.74 -0.63 -0.55 0.40 0.64 -0.61 -0.34 1 0 
-1.21 -0.04 -0.07 -0.28 -0.55 -0.71 1.46 -0.28 -0.34 1 0 
-1.21 -0.37 -0.41 -0.63 -0.55 -0.71 -1.00 -0.61 -0.34 1 0 
0.21 -0.70 -0.41 -0.63 -0.55 -0.71 -1.00 -0.61 -0.34 1 0 
-1.21 -0.70 -0.74 -0.63 -1.00 -0.71 -0.59 -0.61 -0.34 1 0 
-0.50 -0.70 -0.74 -0.63 -0.55 -0.71 -1.00 -0.61 -0.34 1 0 
0.92 0.61 0.94 0.07 -0.10 1.24 1.46 0.37 -0.34 0 1 
-1.21 -0.04 -0.74 -0.28 -0.55 -0.43 0.64 0.04 0.24 1 0 
-0.15 -0.70 -0.74 -0.63 -0.10 -0.71 -1.00 -0.61 -0.34 1 0 
-0.50 -0.70 -0.74 -0.63 -0.55 -0.71 -1.00 -0.61 -0.34 1 0 
0.92 -0.37 0.27 -0.63 1.26 1.79 0.64 0.37 0.82 0 1 
-1.21 -0.70 -0.74 -0.63 -0.55 -0.71 -0.59 -0.61 -0.34 1 0 
1.98 2.25 2.29 2.52 -0.10 1.79 2.69 1.03 -0.34 0 1 
0.21 0.28 0.27 0.77 1.71 1.79 -0.18 -0.28 -0.34 1 0 
-0.15 -0.70 -0.74 0.07 -1.00 0.40 -0.59 -0.61 -0.34 0 1 
1.98 2.25 2.29 1.12 2.16 0.13 1.87 0.70 -0.34 0 1 
1.98 2.25 1.61 2.52 1.26 0.40 2.69 0.04 -0.34 0 1 
-0.50 -0.70 -0.74 -0.63 -0.55 -0.71 -0.18 -0.61 -0.34 1 0 
0.21 -0.70 -0.74 -0.63 -0.55 -0.71 -0.59 -0.61 -0.34 1 0 
-0.15 -0.70 -0.74 -0.63 -0.10 -0.71 -0.59 -0.28 -0.34 1 0 
-0.86 -0.70 -0.74 -0.28 -0.55 -0.71 -0.18 -0.61 -0.34 1 0 
-1.21 -0.70 -0.74 -0.63 -0.55 -0.71 -0.18 -0.61 -0.34 1 0 
0.21 -0.70 -0.74 -0.28 -1.00 -0.71 -0.59 -0.61 -0.34 1 0 
-1.21 -0.70 -0.74 -0.63 -0.55 -0.15 -0.18 -0.61 -0.34 1 0 
-1.21 -0.70 -0.74 -0.63 -0.55 -0.71 -1.00 -0.61 -0.34 1 0 
1.98 0.28 0.94 0.42 0.81 1.79 1.46 -0.61 -0.34 0 1 
1.27 1.59 1.95 0.42 0.81 1.79 1.46 1.68 -0.34 0 1 
1.27 2.25 2.29 1.47 3.06 1.79 1.46 0.04 3.74 0 1 
0.21 1.27 1.28 -0.63 0.81 1.24 -0.18 0.37 -0.34 1 0 
1.98 2.25 2.29 -0.63 1.26 -0.71 -0.59 1.68 -0.34 0 1 
-0.86 -0.70 -0.74 -0.63 -0.55 -0.71 -0.18 -0.61 -0.34 1 0 
1.98 -0.04 -0.07 2.52 -0.55 1.79 1.46 0.04 0.82 0 1 
0.56 1.59 1.61 -0.63 -0.10 0.13 -0.18 1.35 -0.34 1 0 
1.27 2.25 2.29 2.52 2.16 1.79 2.69 1.35 0.82 0 1 
-0.50 -0.70 -0.74 -0.63 -0.55 -0.01 -0.18 -0.61 -0.34 1 0 
-1.21 -0.70 -0.74 -0.63 -0.55 -0.71 -1.00 -0.61 -0.34 1 0 
0.21 -0.70 -0.74 -0.63 -0.55 -0.71 -0.59 -0.28 -0.34 1 0 
-1.21 -0.70 -0.74 -0.63 -0.55 0.13 -1.00 -0.61 -0.34 1 0 
0.21 0.28 0.94 1.47 2.61 0.96 1.87 2.34 -0.34 0 1 
-1.21 -0.70 -0.74 -0.28 -0.55 -0.71 -0.18 -0.61 -0.34 1 0 
-0.15 -0.70 -0.74 -0.63 -0.55 -0.71 -0.18 -0.61 -0.34 1 0 
-0.15 -0.70 -0.74 -0.63 -0.55 -0.71 -1.00 -0.61 -0.34 1 0 
1.27 -0.37 0.27 -0.63 0.81 -0.71 0.64 0.37 1.41 0 1 
-1.21 -0.37 -0.07 -0.63 -0.55 -0.71 -1.00 -0.61 -0.34 1 0 
1.98 1.27 1.28 1.12 0.35 1.79 0.23 -0.61 0.24 0 1 
-1.21 -0.70 -0.74 -0.63 -0.55 -0.71 -0.18 -0.61 -0.34 1 0 
0.21 -0.04 -0.41 -0.63 -0.10 -0.71 -1.00 -0.61 -0.34 1 0 
1.98 2.25 2.29 2.52 3.06 1.79 0.23 2.34 4.90 0 1 
-1.21 -0.70 -0.74 -0.63 -0.55 -0.43 -1.00 -0.61 -0.34 1 0 
0.21 -0.70 -0.41 -0.63 -0.55 -0.71 -0.59 -0.61 -0.34 1 0 
-0.15 0.28 0.27 -0.28 -0.55 -0.15 -0.59 -0.61 -0.34 1 0 
0.56 -0.37 -0.07 -0.63 -0.55 -0.71 -1.00 -0.61 -0.34 1 0 
1.27 0.28 2.29 0.77 0.35 0.13 1.46 2.34 -0.34 0 1 
-1.21 -0.37 -0.07 -0.63 -0.55 -0.71 -0.18 -0.61 -0.34 1 0 
-0.50 -0.37 -0.41 -0.63 -0.55 -0.71 -0.59 0.04 -0.34 1 0 
1.98 0.61 1.28 0.42 0.35 1.79 1.87 2.01 -0.34 0 1 
0.56 -0.04 -0.07 0.07 -0.10 -0.43 1.05 -0.61 -0.34 1 0 
-1.21 -0.70 -0.74 -0.63 -0.55 -0.71 -1.00 -0.61 -0.34 1 0 
1.98 2.25 2.29 1.82 1.26 1.24 1.46 2.34 -0.34 0 1 
-1.21 -0.70 -0.74 -0.63 -0.55 0.40 -1.00 -0.61 -0.34 1 0 
1.98 0.61 2.29 0.07 0.81 1.24 1.46 1.68 0.82 0 1 
-1.21 -0.70 -0.74 -0.63 -1.00 -0.71 -1.00 -0.61 -0.34 1 0 
1.27 1.92 1.95 0.77 -0.10 0.40 1.46 1.35 -0.34 0 1 
-1.21 -0.70 -0.74 -0.63 -0.55 -0.71 -1.00 -0.61 -0.34 1 0 
0.21 -0.70 -0.74 -0.63 -0.55 -0.71 -0.59 -0.61 -0.34 1 0 
-0.50 -0.04 0.60 -0.28 -0.10 1.79 1.46 -0.61 -0.34 0 1 
-1.21 -0.37 -0.74 0.07 -0.55 -0.71 -0.59 -0.61 -0.34 1 0 
-0.15 -0.70 -0.07 0.07 -0.55 -0.71 -1.00 -0.61 -0.34 1 0 
-0.15 -0.70 -0.74 -0.63 -0.55 -0.15 -1.00 -0.61 -0.34 1 0 
0.92 0.61 2.29 2.52 3.06 1.79 0.23 2.34 0.82 0 1 
-0.86 -0.70 -0.74 -0.63 -0.55 -0.71 -0.59 -0.61 -0.34 1 0 
-0.50 -0.37 -0.41 -0.28 -0.55 -0.71 -0.18 -0.28 -0.34 1 0 
-0.50 -0.70 -0.74 -0.63 -1.00 -0.71 -0.59 -0.61 -0.34 1 0 
0.21 -0.04 -0.74 -0.63 -0.55 -0.71 -1.00 -0.61 -0.34 1 0 
1.27 1.59 1.95 1.12 1.26 -0.15 2.69 2.34 -0.34 0 1 
-0.50 -0.70 -0.74 -0.63 -0.55 -0.71 -0.59 -0.28 -0.34 1 0 
1.98 0.61 0.60 1.12 -0.10 1.79 1.46 2.01 0.24 0 1 
-0.15 -0.70 -0.74 -0.63 -0.55 -0.71 -0.18 1.03 -0.34 1 0 
1.98 0.28 0.60 0.42 -0.10 0.40 1.46 0.04 -0.34 0 1 
0.21 -0.04 0.60 -0.63 2.16 1.79 0.64 0.04 -0.34 0 1 
-1.21 -0.70 -0.74 -0.63 -0.55 -0.71 -0.18 -0.61 -0.34 1 0 
0.92 1.59 1.61 1.47 -0.10 1.79 1.46 -0.28 0.82 0 1 
-0.86 -0.70 -0.74 -0.63 -0.55 0.40 -1.00 -0.61 -0.34 1 0 
0.56 0.94 0.94 2.17 1.26 -0.01 1.46 1.68 -0.34 1 0 
-0.15 0.61 0.60 1.82 1.26 1.79 2.69 1.35 -0.34 0 1 
-1.21 -0.70 -0.74 -0.63 -0.55 -0.71 -0.59 -0.61 -0.34 1 0 
-0.50 -0.70 -0.74 -0.63 -0.55 -0.71 -0.59 -0.61 -0.34 1 0 
1.98 2.25 2.29 0.07 3.06 1.79 2.28 2.34 -0.34 0 1 
1.27 2.25 0.60 0.07 2.16 0.13 0.23 2.34 0.82 0 1 
0.21 -0.70 -0.07 -0.63 -0.55 -0.71 -0.59 -0.61 -0.34 1 0 
0.21 0.28 0.27 2.17 -0.55 1.79 0.64 1.03 -0.34 0 1 
0.21 0.61 0.60 -0.28 0.81 1.79 0.23 0.04 -0.34 0 1 
-0.50 -0.70 -0.74 -0.63 -0.10 -0.43 -1.00 -0.61 -0.34 1 0 
1.98 1.27 1.28 0.07 2.16 0.40 1.46 0.37 0.82 0 1 
-0.15 1.59 1.28 2.52 0.35 1.79 1.46 0.70 -0.34 0 1 
0.21 -0.70 -0.74 -0.63 -0.55 -0.71 -1.00 -0.61 -0.34 1 0 
-0.50 0.28 0.60 0.07 1.71 -0.15 0.23 1.03 -0.34 1 0 
0.56 -0.70 -0.74 0.07 -0.55 -0.71 -1.00 -0.61 -0.34 1 0 
-1.21 -0.70 -0.74 -0.63 -0.55 -0.71 -0.18 -0.61 -0.34 1 0 
-0.50 -0.70 -0.74 -0.63 -0.55 -0.71 -0.59 -0.61 -0.34 1 0 
-0.50 -0.70 -0.74 -0.63 -0.55 0.13 -1.00 -0.61 -0.34 1 0 
0.21 0.28 0.94 1.12 0.35 1.79 0.23 0.04 -0.34 0 1 
-0.15 -0.70 -0.74 -0.63 -0.55 -0.71 -0.59 -0.61 -0.34 1 0 
0.21 -0.70 -0.41 -0.63 -0.55 -0.71 -0.18 -0.61 -0.34 1 0 
-0.50 -0.37 -0.74 -0.63 -0.55 -0.71 -0.59 -0.28 -0.34 1 0 
-1.21 -0.70 -0.74 -0.63 -0.55 -0.71 -1.00 -0.61 -0.34 1 0 
-0.15 1.59 0.94 0.42 -0.10 0.13 2.69 1.03 -0.34 0 1 
0.21 -0.37 -0.41 -0.28 -0.10 -0.71 -1.00 0.04 -0.34 1 0 
1.98 0.94 0.94 -0.28 0.35 1.79 2.28 1.35 -0.34 0 1 
-0.50 -0.37 -0.41 -0.63 0.35 -0.15 -0.59 -0.61 -0.34 1 0 
0.56 2.25 -0.41 1.82 3.06 -0.43 1.46 1.68 4.90 0 1 
1.98 0.28 0.27 2.52 -0.55 1.79 0.64 0.04 0.82 0 1 
-1.21 -0.70 -0.74 0.07 -0.55 -0.71 -1.00 -0.61 -0.34 1 0 
-1.21 -0.70 -0.74 -0.63 -1.00 -0.71 -1.00 -0.61 -0.34 1 0 
-0.50 -0.70 -0.74 -0.63 -0.55 -0.71 -0.59 -0.61 -0.34 1 0 
-1.21 -0.70 -0.74 -0.63 -0.55 -0.71 -0.59 -0.61 -0.34 1 0 
-1.21 -0.70 -0.74 -0.63 -0.55 -0.71 -1.00 -0.61 -0.34 1 0 
1.98 0.28 -0.07 2.52 -0.10 1.79 1.46 -0.61 0.24 0 1 
-1.21 -0.70 -0.74 -0.63 -0.55 -0.71 -0.18 -0.61 -0.34 1 0 
-0.50 -0.70 -0.74 0.07 -0.55 -0.71 -0.59 -0.61 -0.34 1 0 
-1.21 -0.70 -0.74 -0.63 -0.55 -0.71 -1.00 -0.61 -0.34 1 0 
0.21 -0.70 -0.74 -0.63 -0.55 -0.71 -1.00 -0.61 -0.34 1 0 
-0.15 -0.70 0.27 -0.63 -0.55 -0.71 -1.00 -0.61 -0.34 1 0 
1.27 1.59 1.28 0.42 3.06 1.79 1.46 1.68 3.15 0 1 
-1.21 -0.70 -0.41 -0.63 -0.10 -0.01 -1.00 -0.61 -0.34 1 0 
0.21 -0.70 -0.74 -0.63 -0.55 -0.71 -0.18 -0.61 -0.34 1 0 
0.56 -0.70 -0.74 -0.63 -0.55 -0.71 -0.18 -0.61 -0.34 1 0 
0.56 -0.04 0.27 -0.63 0.81 -0.43 -0.18 2.01 -0.34 0 1 
-0.15 -0.70 -0.74 0.07 -0.55 -0.71 -0.18 -0.61 -0.34 1 0 
-0.86 -0.70 -0.74 -0.63 -0.55 -0.71 -1.00 -0.61 -0.34 1 0 
0.21 -0.70 -0.74 -0.63 -0.55 -0.71 -0.18 -0.61 -0.34 1 0 
0.21 1.59 1.28 1.47 3.06 1.79 0.64 1.35 -0.34 0 1 
0.56 -0.70 -0.07 -0.28 -0.55 -0.71 -1.00 -0.61 -0.34 1 0 
-1.21 -0.70 -0.74 -0.63 0.35 -0.15 -1.00 -0.61 -0.34 1 0 
-0.86 -0.70 -0.07 -0.28 -0.55 -0.71 -0.59 -0.61 -0.34 1 0 
0.21 -0.04 -0.41 0.42 -0.55 -0.71 -1.00 -0.61 -0.34 1 0 
0.56 -0.70 -0.07 -0.63 0.35 0.40 0.64 2.34 -0.34 0 1 
-0.15 -0.70 -0.74 -0.63 -0.55 -0.71 -0.18 -0.61 -0.34 1 0 
-0.86 -0.70 -0.74 -0.63 -0.55 -0.71 -0.59 -0.61 -0.34 1 0 
-1.21 -0.70 -0.74 -0.63 -0.55 -0.71 -0.18 -0.61 -0.34 1 0 
-0.86 -0.70 -0.74 -0.63 -0.55 -0.71 -0.18 -0.61 -0.34 1 0 
0.92 0.94 2.29 0.77 -0.10 1.79 2.28 2.34 0.24 0 1 
-0.86 -0.70 -0.74 -0.63 -0.55 -0.71 -1.00 -0.61 -0.34 1 0 
1.27 2.25 2.29 1.82 1.26 1.51 -0.18 2.34 4.90 0 1 
-1.21 -0.70 -0.74 0.07 -1.00 -0.15 -1.00 -0.61 -0.34 1 0 
-0.50 -0.70 -0.74 -0.63 -0.55 -0.71 -1.00 -0.61 -0.34 1 0 
-1.21 -0.70 -0.74 -0.63 -0.55 -0.71 -0.59 -0.61 -0.34 1 0 
1.98 0.28 0.94 -0.63 -0.55 1.79 0.64 0.04 -0.34 0 1 
-1.21 -0.70 -0.74 -0.63 -1.00 -0.71 -0.18 -0.61 -0.34 1 0 
0.56 -0.70 -0.74 -0.63 -1.00 -0.71 -1.00 -0.61 -0.34 1 0 
-1.21 -0.70 -0.74 -0.63 -0.10 -0.43 -0.59 -0.61 -0.34 1 0 
-0.15 -0.70 -0.74 0.07 -0.55 -0.71 -0.18 -0.61 -0.34 1 0 
-0.50 -0.70 -0.74 -0.63 -0.55 -0.71 -0.18 -0.61 -0.34 1 0 
-1.21 -0.70 -0.74 -0.63 -1.00 -0.71 -1.00 -0.61 -0.34 1 0 
0.21 -0.70 -0.74 -0.63 -0.55 -0.71 -0.18 -0.61 -0.34 1 0 
-0.86 -0.70 -0.74 -0.63 -0.55 -0.71 -0.59 -0.61 -0.34 1 0 
1.98 -0.04 -0.07 -0.63 -0.55 1.79 1.46 1.03 -0.34 0 1 
-1.21 -0.70 -0.74 -0.63 -0.55 -0.71 -0.59 -0.61 -0.34 1 0 
0.21 -0.37 -0.07 -0.63 1.26 1.79 0.64 -0.61 -0.34 0 1 
-0.15 1.27 1.61 0.07 0.35 1.79 2.28 -0.61 -0.34 0 1 
-0.50 -0.37 -0.74 -0.28 -0.55 -0.71 -0.18 -0.61 -0.34 1 0 
-1.21 -0.70 -0.74 -0.63 -0.55 -0.71 -0.18 -0.61 -0.34 1 0 
-0.50 -0.70 -0.74 -0.63 -0.55 -0.71 -0.18 -0.61 -0.34 1 0 
-1.21 -0.70 -0.74 -0.63 -0.55 -0.71 -0.18 -0.28 -0.34 1 0 
-1.21 -0.70 -0.74 -0.63 -0.55 -0.71 -0.59 -0.61 -0.34 1 0 
-0.86 -0.70 -0.74 -0.63 -0.55 -0.71 -0.59 -0.61 -0.34 1 0 
-0.15 -0.37 -0.74 -0.63 -0.55 -0.71 -0.59 -0.61 -0.34 1 0 
0.21 -0.37 -0.41 -0.28 -0.55 -0.43 -0.18 -0.28 0.24 1 0 
-0.15 -0.70 -0.74 -0.28 -0.55 -0.71 -1.00 -0.61 -0.34 1 0 
0.21 -0.04 0.27 0.07 0.35 0.40 0.23 1.35 -0.34 1 0 
-0.15 -0.70 -0.74 -0.28 -0.55 -0.71 -0.59 -0.61 -0.34 1 0 
-0.50 -0.70 -0.41 -0.63 -0.55 -0.71 -0.18 -0.61 -0.34 1 0 
0.92 -0.04 -0.41 2.52 0.81 1.79 0.64 0.37 1.41 0 1 
-0.15 -0.70 -0.74 -0.63 -0.55 -0.71 -0.18 -0.28 -0.34 1 0 
-1.21 -0.70 -0.74 -0.63 -1.00 -0.71 -1.00 -0.61 -0.34 1 0 
0.92 0.61 -0.07 1.47 0.35 1.79 1.46 0.70 1.99 0 1 
-1.21 -0.70 -0.74 -0.63 -0.55 -0.71 -1.00 -0.61 -0.34 1 0 
1.27 1.27 0.60 2.52 1.71 1.51 0.64 0.70 1.41 0 1 
0.21 -0.70 -0.41 -0.63 -0.55 -0.71 -0.18 -0.61 -0.34 1 0 
-0.50 -0.70 -0.74 -0.63 -1.00 -0.71 -0.59 -0.61 -0.34 1 0 
-0.50 -0.70 -0.74 -0.63 -0.55 -0.71 -0.59 -0.61 -0.34 1 0 
0.21 -0.04 -0.07 0.42 -0.55 0.13 -0.18 0.37 -0.34 0 1 
1.98 0.94 0.94 0.07 0.35 0.40 -0.18 1.03 -0.34 0 1 
-0.86 -0.70 -0.74 -0.63 -0.55 -0.71 -0.18 -0.61 -0.34 1 0 
-1.21 -0.70 -0.74 -0.63 -1.00 -0.71 -0.18 -0.61 -0.34 1 0 
0.21 2.25 2.29 0.77 0.35 0.40 0.23 0.37 -0.34 0 1 
-0.15 -0.70 -0.74 -0.63 -0.55 -0.71 -0.18 -0.61 -0.34 1 0 
-0.15 -0.70 -0.74 -0.63 -0.55 -0.71 -1.00 -0.28 -0.34 1 0 
-0.15 -0.70 -0.74 -0.63 -0.55 -0.71 -1.00 -0.61 -0.34 1 0 
-0.50 -0.70 -0.74 -0.63 -0.55 -0.71 -0.59 -0.61 -0.34 1 0 
0.56 -0.70 -0.74 -0.63 -0.55 -0.71 -0.18 -0.61 -0.34 1 0 
1.27 0.28 1.28 -0.63 -0.10 1.79 -0.18 2.01 0.24 0 1 
1.27 2.25 2.29 2.52 1.71 0.40 0.23 1.68 3.15 0 1 
1.98 0.94 0.27 0.07 3.06 1.79 2.28 2.34 -0.34 0 1 
1.98 1.59 1.28 0.42 -0.10 1.79 1.46 2.01 -0.34 0 1 
1.98 1.59 2.29 -0.63 -0.10 1.79 0.64 -0.61 -0.34 0 1 
1.27 1.27 0.94 0.42 0.35 1.79 0.64 -0.61 -0.34 0 1 
1.27 -0.37 -0.07 -0.63 1.26 -0.15 1.46 -0.61 -0.34 0 1 
-1.21 -0.70 -0.74 -0.63 -0.55 -0.71 -1.00 -0.61 -0.34 1 0 
0.21 -0.70 -0.74 -0.63 -0.55 -0.71 -1.00 -0.61 -0.34 1 0 
-1.21 -0.70 -0.74 -0.63 -1.00 -0.71 -0.59 -0.61 -0.34 1 0 
-0.15 -0.70 -0.74 -0.63 -0.55 -0.71 -1.00 -0.61 -0.34 1 0 
0.21 -0.70 -0.07 0.07 -0.55 -0.43 -0.59 0.04 -0.34 1 0 
1.98 2.25 2.29 2.52 1.71 1.79 1.46 2.34 1.41 0 1 
-0.15 -0.70 -0.41 -0.63 -0.55 -0.71 -0.59 -0.61 -0.34 1 0 
-1.21 0.61 1.61 1.12 0.81 1.24 1.46 2.34 -0.34 0 1 
-0.15 -0.70 -0.74 -0.63 -1.00 -0.71 -0.59 -0.61 -0.34 1 0 
-1.21 -0.70 -0.74 -0.63 -0.55 -0.71 -1.00 -0.61 -0.34 1 0 
0.21 0.61 1.28 1.82 1.26 1.79 1.46 0.37 -0.34 0 1 
-1.21 -0.70 -0.74 -0.63 -1.00 -0.71 -0.59 -0.61 -0.34 1 0 
-0.15 -0.70 -0.74 -0.63 -0.55 -0.71 -0.18 -0.61 -0.34 1 0 
-0.15 -0.70 -0.74 -0.63 -0.55 -0.71 -0.18 -0.61 -0.34 1 0 
-1.21 -0.70 -0.74 -0.63 -0.55 0.40 -1.00 -0.61 -0.34 1 0 
1.98 1.92 1.28 0.07 0.35 -0.43 1.46 1.35 -0.34 0 1 
-0.86 -0.70 -0.74 -0.63 -0.55 -0.71 -0.18 -0.61 -0.34 1 0 
0.21 1.59 1.95 0.42 -0.10 1.79 1.46 -0.61 -0.34 0 1 
-1.21 -0.70 -0.74 0.07 -0.55 -0.15 -1.00 -0.61 -0.34 1 0 
-0.15 -0.70 -0.74 -0.63 -0.55 -0.71 -1.00 -0.61 -0.34 1 0 
-0.15 -0.37 -0.74 -0.63 -0.55 -0.71 -1.00 -0.61 -0.34 1 0 
0.21 0.28 -0.07 -0.63 -0.55 -0.01 -0.59 0.04 -0.34 1 0 
-0.15 -0.70 -0.74 -0.63 -0.55 -0.15 -0.59 -0.61 -0.34 1 0 
-1.21 -0.70 -0.74 -0.63 -0.55 -0.71 -0.18 -0.61 -0.34 1 0 
1.98 0.94 -0.07 1.12 0.35 1.79 1.46 1.68 1.41 0 1 
0.21 -0.37 -0.41 -0.28 -1.00 -0.71 -0.59 -0.61 -0.34 1 0 
-0.50 -0.70 0.27 -0.63 -0.55 -0.01 -0.18 -0.61 -0.34 1 0 
0.21 2.25 2.29 1.12 3.06 1.79 2.69 1.03 1.99 0 1 
-0.15 -0.70 -0.74 -0.63 -0.55 -0.71 -0.59 -0.61 -0.34 1 0 
-1.21 -0.70 -0.07 -0.63 -0.55 -0.71 -0.59 -0.61 -0.34 1 0 
-1.21 -0.70 -0.74 -0.28 -1.00 -0.15 -1.00 -0.61 3.15 1 0 
0.21 -0.70 -0.74 -0.63 -0.55 -0.71 -0.59 -0.28 -0.34 1 0 
-0.50 -0.70 -0.74 -0.63 -0.55 -0.71 -0.59 -0.61 -0.34 1 0 
-0.50 -0.70 -0.74 -0.63 -0.10 -0.71 -0.59 -0.61 -0.34 1 0 
1.98 -0.37 -0.41 -0.63 -0.55 0.68 -1.00 -0.61 0.24 0 1 
0.21 2.25 2.29 2.52 3.06 1.79 2.69 -0.61 -0.34 0 1 
0.21 -0.70 -0.74 0.07 -0.55 -0.71 -1.00 -0.61 -0.34 1 0 
-0.15 -0.70 -0.74 -0.63 -0.55 -0.71 -0.59 -0.61 -0.34 1 0 
0.21 -0.70 -0.74 0.07 0.35 -0.71 -0.18 -0.28 -0.34 1 0 
0.92 0.94 0.27 1.82 3.06 1.79 2.28 0.70 0.82 0 1 
-0.86 -0.70 -0.74 -0.63 -0.55 -0.71 -0.59 -0.61 -0.34 1 0 
0.21 -0.37 -0.07 0.42 -0.55 0.96 -0.18 1.03 -0.34 0 1 
1.63 2.25 2.29 -0.63 3.06 1.24 -0.18 0.04 -0.34 0 1 
-0.15 -0.70 -0.41 -0.63 -0.55 -0.71 -0.59 -0.61 -0.34 1 0 
0.56 0.61 0.60 1.82 0.35 1.79 -0.18 0.37 -0.34 0 1 
1.98 0.28 0.27 1.12 -0.55 1.79 -0.59 0.04 -0.34 0 1 
-1.21 -0.70 -0.74 -0.63 -0.55 -0.71 -0.18 -0.61 -0.34 1 0 
1.98 1.59 1.61 -0.28 -0.10 0.13 1.87 1.35 3.74 0 1 
1.98 0.28 0.27 2.52 1.26 1.79 0.64 0.70 -0.34 0 1 
1.27 0.94 0.27 0.07 0.81 1.51 -0.18 -0.61 -0.34 0 1 
0.92 0.94 0.94 0.07 -0.55 1.79 1.46 -0.61 -0.34 0 1 
-0.86 -0.70 -0.41 -0.63 -0.55 -0.71 -0.18 -0.61 -0.34 1 0 
-0.50 -0.70 -0.74 -0.63 -0.55 -0.71 -1.00 -0.61 -0.34 1 0 
-0.86 -0.70 -0.74 -0.63 -0.55 -0.71 -0.18 -0.61 -0.34 1 0 
1.63 1.92 2.29 0.07 1.26 1.79 1.46 2.34 2.57 0 1 
-0.50 -0.70 -0.74 -0.63 -0.55 -0.71 -0.18 -0.28 -0.34 1 0 
-1.21 -0.70 -0.74 -0.63 -0.55 -0.71 -0.18 -0.61 -0.34 1 0 
0.21 2.25 2.29 2.52 0.81 -0.43 1.87 0.70 -0.34 0 1 
1.98 2.25 2.29 1.82 1.26 -0.71 1.87 2.01 -0.34 0 1 
-0.50 -0.70 -0.74 -0.63 -0.10 -0.71 -0.59 -0.61 -0.34 1 0 
0.21 1.59 1.61 2.52 0.81 1.79 1.87 2.34 0.82 0 1 
-1.21 -0.70 -0.07 -0.63 -0.55 -0.71 -1.00 -0.61 -0.34 1 0 
-0.15 -0.70 -0.74 -0.63 -0.55 -0.71 -0.18 -0.28 -0.34 1 0 
0.56 2.25 1.28 1.47 1.26 0.13 1.87 2.34 0.24 0 1 
-0.50 -0.70 -0.74 -0.63 -1.00 -0.71 -0.59 -0.61 -0.34 1 0 
1.98 2.25 2.29 1.47 2.61 1.79 1.46 2.34 4.90 0 1 
0.21 -0.04 -0.41 1.82 0.81 1.79 1.87 -0.61 0.24 0 1 
1.98 2.25 0.94 0.07 -0.10 1.79 0.23 0.04 0.24 0 1 
-0.50 -0.70 -0.74 -0.63 -0.55 -0.71 -1.00 -0.61 -0.34 1 0 
1.63 0.28 0.60 2.52 1.26 1.79 0.23 1.68 -0.34 0 1 
-1.21 -0.70 -0.74 -0.63 -1.00 -0.01 -0.59 -0.61 -0.34 1 0 
-0.15 -0.70 -0.74 -0.63 -0.55 -0.71 -1.00 -0.61 -0.34 1 0 
1.27 -0.04 -0.07 -0.63 -0.55 -0.43 -0.18 -0.28 -0.34 1 0 
1.27 0.28 0.27 -0.63 1.26 1.79 -0.59 0.70 0.24 0 1 
-1.21 -0.70 -0.74 -0.63 -0.55 -0.71 -0.59 -0.61 -0.34 1 0 
-0.50 -0.70 -0.74 -0.63 -1.00 -0.71 -0.59 -0.61 -0.34 1 0 
-0.86 -0.04 0.27 0.42 -0.55 0.40 -0.59 0.70 -0.34 0 1 
-0.50 -0.37 -0.74 -0.63 -1.00 -0.71 -0.59 -0.61 -0.34 1 0 
-0.50 -0.04 0.94 0.42 0.81 1.24 0.23 0.37 -0.34 0 1 
-1.21 -0.70 -0.74 -0.63 -0.55 -0.01 -0.59 -0.61 -0.34 1 0 
0.21 -0.37 -0.74 -0.63 -0.55 -0.71 -1.00 -0.61 -0.34 1 0 
-1.21 -0.70 -0.74 -0.63 -0.55 -0.71 -1.00 -0.61 -0.34 1 0 
-1.21 -0.70 -0.74 -0.63 -0.55 -0.71 -1.00 -0.61 -0.34 1 0 
-0.50 -0.70 -0.07 -0.63 -0.55 -0.01 -0.59 -0.61 -0.34 1 0 
1.98 2.25 2.29 2.52 0.81 1.79 2.69 2.34 3.15 0 1 
0.21 -0.70 -0.41 -0.63 -0.55 -0.71 -0.18 -0.61 -0.34 1 0 
-0.50 -0.70 -0.74 -0.63 -0.55 -0.71 -0.59 -0.61 -0.34 1 0 
-0.15 -0.70 -0.74 -0.63 -1.00 -0.71 -0.59 -0.61 -0.34 1 0 
-0.50 -0.70 -0.74 -0.63 -0.55 -0.71 -0.59 -0.61 -0.34 1 0 
-0.15 -0.70 -0.07 -0.63 -0.55 -0.71 -0.59 -0.61 -0.34 1 0 
1.98 2.25 2.29 0.07 3.06 1.24 1.87 -0.61 -0.34 0 1 
-0.15 -0.70 -0.74 0.07 -1.00 -0.71 -0.59 -0.61 -0.34 1 0 
-0.50 -0.70 -0.74 -0.63 -0.55 -0.71 -0.18 -0.61 -0.34 1 0 
0.21 -0.70 -0.74 -0.63 -1.00 -0.71 -1.00 -0.61 -0.34 1 0 
-1.21 -0.70 -0.74 -0.63 -0.55 -0.71 -0.18 -0.61 -0.34 1 0 
0.21 -0.37 0.27 -0.63 -1.00 -0.71 -1.00 -0.61 -0.34 1 0 
-0.86 -0.04 -0.41 -0.28 -0.55 -0.43 -0.18 -0.61 -0.34 1 0 
0.21 2.25 2.29 0.07 1.71 -0.15 1.87 2.34 0.24 0 1 
1.27 0.28 0.60 -0.63 -0.55 -0.01 1.46 0.04 -0.34 0 1 
1.63 2.25 2.29 2.52 3.06 1.79 2.69 2.34 -0.34 0 1 
-0.15 0.28 -0.41 -0.63 -0.55 0.40 -0.59 -0.61 0.24 1 0 
0.92 -0.37 0.27 -0.63 -0.10 0.13 -0.18 0.04 -0.34 0 1 
-0.15 -0.70 -0.74 -0.28 -0.55 -0.71 -0.59 -0.61 -0.34 1 0 
1.27 0.94 0.27 2.52 3.06 -0.71 -0.18 0.70 -0.34 0 1 
0.21 -0.70 -0.74 -0.63 -0.55 -0.71 -1.00 -0.61 -0.34 1 0 
0.92 0.28 0.60 2.52 -0.55 1.79 -0.18 1.68 0.24 0 1 
0.21 -0.37 -0.41 0.42 -0.55 0.13 -1.00 -0.61 -0.34 1 0 
-0.50 -0.37 -0.41 0.07 -0.55 -0.15 -0.18 -0.61 -0.34 1 0 
0.21 -0.70 -0.74 -0.63 -0.55 -0.71 -0.18 -0.61 -0.34 1 0 
0.56 -0.70 -0.07 -0.63 -0.55 -0.71 -0.18 -0.61 -0.34 1 0 
-0.50 -0.70 -0.74 -0.63 -0.55 -0.71 -0.18 -0.61 -0.34 1 0 
1.98 0.28 0.60 0.77 0.81 1.79 0.23 -0.61 -0.34 0 1 
0.21 -0.70 -0.74 0.07 -0.55 -0.71 -1.00 -0.61 -0.34 1 0 
0.56 -0.70 -0.74 -0.63 -0.55 -0.71 -0.18 -0.61 -0.34 1 0 
-0.15 -0.70 -0.74 0.07 -0.55 -0.71 -1.00 -0.61 -0.34 1 0 
-0.50 -0.70 -0.74 -0.63 -0.55 -0.71 -0.59 -0.61 -0.34 1 0 
0.21 2.25 2.29 1.82 0.81 0.40 1.46 2.34 -0.34 0 1 
1.98 0.94 0.60 1.82 0.81 1.79 1.87 1.03 -0.34 0 1 
-0.86 -0.70 -0.74 -0.63 -0.10 -0.71 -0.59 -0.61 -0.34 1 0 
-0.15 -0.70 -0.74 -0.63 -0.55 -0.71 -0.18 -0.61 -0.34 1 0 
-1.21 -0.70 -0.41 -0.63 -0.55 -0.71 -0.59 -0.61 -0.34 1 0 
-1.21 -0.04 -0.74 -0.63 -0.55 -0.71 -0.59 -0.28 -0.34 1 0 
-0.86 -0.37 -0.41 -0.63 -1.00 -0.71 1.46 -0.61 -0.34 1 0 
1.63 1.59 1.61 2.17 1.26 -0.15 0.23 -0.61 -0.34 0 1 
0.21 -0.70 0.27 -0.63 -0.55 -0.71 -0.18 -0.28 -0.34 1 0 
-1.21 -0.70 -0.74 -0.63 -1.00 -0.71 -0.18 -0.61 -0.34 1 0 
0.21 -0.70 -0.74 -0.63 -0.55 -0.71 -1.00 -0.61 -0.34 1 0 
1.98 2.25 1.28 1.82 1.71 -0.71 2.69 2.34 0.82 0 1 
-0.86 -0.70 -0.74 -0.28 -0.55 -0.71 -0.18 -0.61 -0.34 1 0 
-1.21 -0.37 -0.74 0.07 -0.55 -0.71 -1.00 -0.28 -0.34 1 0 
0.21 -0.04 0.94 -0.63 -0.55 -0.71 -1.00 -0.61 -0.34 1 0 
-1.21 -0.70 -0.74 -0.63 -1.00 -0.71 -0.18 -0.61 -0.34 1 0 
-0.86 -0.70 -0.74 -0.63 -0.55 -0.71 -1.00 -0.61 -0.34 1 0 
-0.50 -0.70 -0.74 0.07 -1.00 -0.71 -0.18 -0.61 -0.34 1 0 
0.21 2.25 2.29 2.17 1.26 1.79 1.46 2.34 1.99 0 1 
-1.21 -0.70 -0.74 -0.63 -0.55 -0.71 -0.18 -0.61 -0.34 1 0 
-1.21 -0.70 -0.74 -0.63 -0.55 -0.71 -0.59 -0.61 -0.34 1 0 
0.21 0.94 0.94 -0.28 0.35 1.79 -0.18 1.03 -0.34 0 1 
-0.50 -0.70 -0.41 -0.28 -0.55 -0.71 -1.00 -0.61 -0.34 1 0 
1.63 0.94 1.95 -0.28 3.06 0.68 -0.59 2.01 4.90 0 1 
0.21 1.27 2.29 1.12 0.81 1.79 1.46 0.70 -0.34 0 1 
0.56 2.25 2.29 -0.28 2.16 1.79 1.46 0.04 0.82 0 1 
1.63 2.25 2.29 2.52 3.06 0.40 2.69 2.34 4.90 0 1 
0.56 0.61 0.27 0.42 -0.10 1.51 1.46 1.68 0.82 0 1 
1.98 2.25 2.29 1.82 -0.55 1.79 0.23 -0.61 -0.34 0 1 
-1.21 -0.37 -0.07 -0.63 -0.55 -0.71 -0.59 -0.61 -0.34 1 0 
1.63 0.61 0.60 0.42 0.35 0.40 0.23 0.04 0.82 0 1 
-1.21 -0.70 -0.74 -0.63 -0.55 -0.71 -0.18 -0.61 -0.34 1 0 
-0.50 -0.70 -0.74 -0.28 -0.55 -0.71 -1.00 -0.61 -0.34 1 0 
0.21 -0.70 -0.74 0.07 -0.55 -0.71 -1.00 -0.61 -0.34 1 0 
-0.15 -0.70 -0.41 -0.63 -0.55 -0.71 -1.00 -0.61 -0.34 1 0 
1.27 2.25 2.29 2.52 1.26 1.79 2.69 2.34 -0.34 0 1 
-0.15 -0.37 -0.74 -0.63 -0.55 -0.43 -0.18 -0.61 -0.34 1 0 
-0.86 -0.70 -0.74 -0.63 -0.55 -0.71 -0.59 -0.61 -0.34 1 0 
0.92 -0.04 0.27 0.42 -0.10 -0.15 -0.18 -0.28 3.15 0 1 
-1.21 -0.70 -0.74 -0.63 -0.55 -0.71 -0.18 -0.61 -0.34 1 0 
0.56 -0.70 -0.74 0.07 -0.55 -0.71 -1.00 -0.61 -0.34 1 0 
-0.50 -0.70 -0.74 -0.63 -0.55 -0.71 -0.59 -0.61 -0.34 1 0 
0.92 1.59 1.28 1.12 0.35 -0.15 1.87 1.68 1.41 0 1 
1.27 1.27 1.61 -0.28 0.35 -0.43 0.64 2.34 -0.34 0 1 
-1.21 -0.70 -0.74 -0.63 -0.55 -0.71 -0.18 -0.61 -0.34 1 0 
0.21 -0.70 -0.74 -0.63 -0.55 -0.71 -0.18 -0.61 -0.34 1 0 
0.21 -0.70 -0.74 -0.63 -0.55 -0.71 -1.00 -0.61 -0.34 1 0 
0.56 2.25 2.29 2.52 0.35 1.79 1.46 2.34 -0.34 0 1 
1.98 0.28 -0.07 2.52 0.35 1.79 2.69 -0.61 -0.34 0 1 
-0.15 -0.70 -0.74 -0.63 -0.55 -0.71 -1.00 -0.61 -0.34 1 0 
-0.15 0.94 0.94 0.77 1.71 0.68 1.46 1.35 0.82 0 1 
-0.50 -0.70 -0.74 -0.28 -0.55 -0.71 -1.00 -0.61 -0.34 1 0 
-1.21 -0.37 -0.41 -0.63 -0.55 -0.71 -1.00 -0.61 -0.34 1 0 
0.21 1.59 0.27 2.52 0.81 1.24 2.28 2.34 -0.34 0 1 
0.21 0.28 0.94 2.52 -0.55 1.79 0.23 -0.61 -0.34 0 1 
1.27 1.27 1.61 0.77 0.81 1.79 2.28 2.34 -0.34 0 1 
-0.50 -0.70 -0.74 -0.63 -0.55 0.40 0.64 -0.61 -0.34 1 0 
-0.50 -0.70 -0.41 -0.63 -0.55 -0.71 -0.59 -0.61 -0.34 1 0 
-1.21 -0.70 -0.74 -0.63 -0.55 -0.71 -1.00 -0.61 -0.34 1 0 
1.63 0.61 1.61 -0.63 -0.55 -0.15 -0.59 -0.61 1.99 0 1 
0.21 -0.70 -0.74 -0.63 -0.55 -0.71 -0.59 -0.61 -0.34 1 0 
0.21 -0.70 -0.74 -0.63 -0.55 -0.71 -0.59 -0.61 -0.34 1 0 
0.21 -0.37 -0.74 -0.63 -0.55 -0.71 -0.18 -0.61 -0.34 1 0 
0.21 -0.70 -0.74 0.42 -0.55 -0.71 -0.18 -0.61 -0.34 1 0 
-1.21 -0.70 -0.41 -0.63 -0.55 -0.43 0.23 -0.28 -0.34 1 0 
1.63 1.27 1.28 0.77 0.81 1.79 1.46 1.68 0.82 0 1 
0.56 -0.70 -0.74 -0.63 -0.55 -0.71 -0.59 -0.61 -0.34 1 0 
-0.50 2.25 -0.07 2.52 1.26 1.79 0.64 -0.61 1.41 0 1 
-1.21 -0.70 -0.74 -0.63 -0.55 -0.71 -1.00 -0.61 -0.34 1 0 
-1.21 0.28 -0.07 2.52 0.35 1.79 0.64 1.03 -0.34 0 1 
-0.86 -0.70 -0.74 -0.28 -0.10 -0.71 -0.59 -0.61 -0.34 1 0 
-0.15 -0.70 -0.74 -0.63 -0.55 -0.71 -0.59 -0.61 -0.34 1 0 
0.56 -0.04 -0.41 -0.63 -0.10 0.13 0.23 -0.61 -0.34 0 1 
0.21 -0.70 -0.41 -0.63 -0.55 -0.71 -1.00 -0.61 -0.34 1 0 
0.92 0.61 0.94 2.52 0.81 1.79 1.46 2.01 1.41 0 1 
0.56 2.25 2.29 2.52 2.16 1.79 1.46 2.34 3.15 0 1 
0.21 1.27 2.29 2.52 0.81 1.79 2.69 2.34 -0.34 0 1 
-1.21 -0.70 -0.74 -0.63 -0.55 -0.71 -0.59 -0.61 -0.34 1 0 
